StringID      Type      x         y         demand    ReadyTime DueDate   ServiceTime
D0            d         45.0      50.0      0.0       0.0       1236.0    0.0       
S0            f         45.0      50.0      0.0       0.0       1236.0    0.0       
S1            f         30.0      61.0      0.0       0.0       1236.0    0.0       
S2            f         76.0      35.0      0.0       0.0       1236.0    0.0       
S3            f         11.0      13.0      0.0       0.0       1236.0    0.0       
S4            f         81.0      92.0      0.0       0.0       1236.0    0.0       
S5            f         6.0       83.0      0.0       0.0       1236.0    0.0       
S6            f         71.0      48.0      0.0       0.0       1236.0    0.0       
S7            f         39.0      82.0      0.0       0.0       1236.0    0.0       
S8            f         22.0      45.0      0.0       0.0       1236.0    0.0       
S9            f         69.0      92.0      0.0       0.0       1236.0    0.0       
S10           f         2.0       37.0      0.0       0.0       1236.0    0.0       
S11           f         99.0      93.0      0.0       0.0       1236.0    0.0       
S12           f         12.0      23.0      0.0       0.0       1236.0    0.0       
S13           f         91.0      5.0       0.0       0.0       1236.0    0.0       
S14           f         7.0       72.0      0.0       0.0       1236.0    0.0       
S15           f         69.0      22.0      0.0       0.0       1236.0    0.0       
S16           f         61.0      61.0      0.0       0.0       1236.0    0.0       
S17           f         84.0      49.0      0.0       0.0       1236.0    0.0       
S18           f         29.0      2.0       0.0       0.0       1236.0    0.0       
S19           f         53.0      19.0      0.0       0.0       1236.0    0.0       
S20           f         83.0      69.0      0.0       0.0       1236.0    0.0       
C0            c         28.0      62.0      10.0      929.0     1109.0    90.0      
C1            c         33.0      59.0      10.0      460.0     640.0     90.0      
C2            c         28.0      62.0      20.0      30.0      210.0     90.0      
C3            c         29.0      61.0      20.0      617.0     797.0     90.0      
C4            c         36.0      55.0      10.0      99.0      279.0     90.0      
C5            c         37.0      63.0      10.0      942.0     1122.0    90.0      
C6            c         35.0      56.0      10.0      173.0     353.0     90.0      
C7            c         29.0      59.0      10.0      38.0      218.0     90.0      
C8            c         35.0      57.0      20.0      14.0      194.0     90.0      
C9            c         31.0      57.0      30.0      939.0     1119.0    90.0      
C10           c         32.0      63.0      20.0      386.0     566.0     90.0      
C11           c         79.0      26.0      20.0      942.0     1122.0    90.0      
C12           c         74.0      20.0      20.0      412.0     592.0     90.0      
C13           c         77.0      21.0      20.0      518.0     698.0     90.0      
C14           c         81.0      20.0      10.0      285.0     465.0     90.0      
C15           c         83.0      25.0      10.0      655.0     835.0     90.0      
C16           c         83.0      20.0      10.0      688.0     868.0     90.0      
C17           c         74.0      22.0      50.0      749.0     929.0     90.0      
C18           c         80.0      20.0      10.0      401.0     581.0     90.0      
C19           c         82.0      21.0      10.0      651.0     831.0     90.0      
C20           c         78.0      26.0      30.0      485.0     665.0     90.0      
C21           c         37.0      34.0      10.0      933.0     1113.0    90.0      
C22           c         29.0      30.0      10.0      908.0     1088.0    90.0      
C23           c         32.0      31.0      10.0      92.0      272.0     90.0      
C24           c         29.0      32.0      10.0      207.0     387.0     90.0      
C25           c         28.0      32.0      30.0      638.0     818.0     90.0      
C26           c         28.0      30.0      10.0      58.0      238.0     90.0      
C27           c         36.0      30.0      10.0      907.0     1087.0    90.0      
C28           c         30.0      36.0      10.0      949.0     1129.0    90.0      
C29           c         32.0      31.0      20.0      947.0     1127.0    90.0      
C30           c         12.0      15.0      10.0      534.0     714.0     90.0      
C31           c         16.0      13.0      20.0      797.0     977.0     90.0      
C32           c         9.0       12.0      20.0      324.0     504.0     90.0      
C33           c         15.0      18.0      10.0      271.0     451.0     90.0      
C34           c         17.0      22.0      10.0      740.0     920.0     90.0      
C35           c         11.0      16.0      10.0      222.0     402.0     90.0      
C36           c         19.0      13.0      20.0      720.0     900.0     90.0      
C37           c         19.0      21.0      30.0      261.0     441.0     90.0      
C38           c         14.0      18.0      20.0      684.0     864.0     90.0      
C39           c         17.0      20.0      10.0      500.0     680.0     90.0      
C40           c         52.0      73.0      10.0      33.0      213.0     90.0      
C41           c         47.0      65.0      10.0      302.0     482.0     90.0      
C42           c         55.0      71.0      20.0      512.0     692.0     90.0      
C43           c         50.0      71.0      20.0      639.0     819.0     90.0      
C44           c         56.0      66.0      30.0      38.0      218.0     90.0      
C45           c         52.0      63.0      10.0      704.0     884.0     90.0      
C46           c         55.0      66.0      40.0      114.0     294.0     90.0      
C47           c         54.0      70.0      20.0      31.0      211.0     90.0      
C48           c         49.0      65.0      40.0      29.0      209.0     90.0      
C49           c         17.0      76.0      10.0      538.0     718.0     90.0      
C50           c         11.0      77.0      10.0      369.0     549.0     90.0      
C51           c         9.0       81.0      10.0      319.0     499.0     90.0      
C52           c         8.0       82.0      20.0      534.0     714.0     90.0      
C53           c         17.0      84.0      10.0      544.0     724.0     90.0      
C54           c         16.0      81.0      10.0      329.0     509.0     90.0      
C55           c         11.0      79.0      20.0      312.0     492.0     90.0      
C56           c         14.0      80.0      30.0      657.0     837.0     90.0      
C57           c         9.0       81.0      10.0      526.0     706.0     90.0      
C58           c         8.0       77.0      10.0      712.0     892.0     90.0      
C59           c         14.0      79.0      30.0      482.0     662.0     90.0      
C60           c         57.0      37.0      40.0      740.0     920.0     90.0      
C61           c         58.0      33.0      20.0      35.0      215.0     90.0      
C62           c         54.0      31.0      10.0      691.0     871.0     90.0      
C63           c         54.0      34.0      30.0      30.0      210.0     90.0      
C64           c         58.0      32.0      10.0      416.0     596.0     90.0      
C65           c         50.0      39.0      20.0      579.0     759.0     90.0      
C66           c         49.0      38.0      10.0      26.0      206.0     90.0      
C67           c         53.0      38.0      10.0      23.0      203.0     90.0      
C68           c         58.0      38.0      40.0      428.0     608.0     90.0      
C69           c         52.0      35.0      20.0      251.0     431.0     90.0      
C70           c         53.0      38.0      10.0      31.0      211.0     90.0      
C71           c         53.0      36.0      10.0      296.0     476.0     90.0      
C72           c         91.0      73.0      30.0      585.0     765.0     90.0      
C73           c         91.0      73.0      20.0      247.0     427.0     90.0      
C74           c         91.0      73.0      10.0      388.0     568.0     90.0      
C75           c         86.0      67.0      20.0      354.0     534.0     90.0      
C76           c         90.0      68.0      50.0      421.0     601.0     90.0      
C77           c         86.0      68.0      10.0      704.0     884.0     90.0      
C78           c         84.0      70.0      20.0      631.0     811.0     90.0      
C79           c         89.0      68.0      30.0      528.0     708.0     90.0      
C80           c         90.0      72.0      10.0      222.0     402.0     90.0      
C81           c         91.0      72.0      10.0      371.0     551.0     90.0      
C82           c         91.0      65.0      10.0      159.0     339.0     90.0      
C83           c         64.0      56.0      30.0      28.0      208.0     90.0      
C84           c         62.0      56.0      10.0      613.0     793.0     90.0      
C85           c         66.0      60.0      40.0      926.0     1106.0    90.0      
C86           c         64.0      60.0      10.0      38.0      218.0     90.0      
C87           c         65.0      59.0      40.0      621.0     801.0     90.0      
C88           c         69.0      53.0      10.0      33.0      213.0     90.0      
C89           c         62.0      51.0      30.0      775.0     955.0     90.0      
C90           c         64.0      51.0      10.0      58.0      238.0     90.0      
C91           c         61.0      59.0      10.0      74.0      254.0     90.0      
C92           c         68.0      87.0      30.0      419.0     599.0     90.0      
C93           c         65.0      86.0      20.0      769.0     949.0     90.0      
C94           c         73.0      88.0      20.0      525.0     705.0     90.0      
C95           c         68.0      89.0      10.0      595.0     775.0     90.0      
C96           c         71.0      94.0      10.0      173.0     353.0     90.0      
C97           c         71.0      93.0      40.0      781.0     961.0     90.0      
C98           c         73.0      91.0      10.0      450.0     630.0     90.0      
C99           c         73.0      85.0      20.0      715.0     895.0     90.0      

Q Vehicle fuel tank capacity /67.8/
C Vehicle load capacity /200.0/
r fuel consumption rate /1.0/
g inverse refueling rate /4.0/
v average Velocity /1.0/
