StringID      Type      x         y         demand    ReadyTime DueDate   ServiceTime
D0            d         45.0      50.0      0.0       0.0       1236.0    0.0       
S0            f         45.0      50.0      0.0       0.0       1236.0    0.0       
S1            f         30.0      61.0      0.0       0.0       1236.0    0.0       
S2            f         76.0      35.0      0.0       0.0       1236.0    0.0       
S3            f         11.0      13.0      0.0       0.0       1236.0    0.0       
S4            f         81.0      92.0      0.0       0.0       1236.0    0.0       
S5            f         6.0       83.0      0.0       0.0       1236.0    0.0       
S6            f         71.0      48.0      0.0       0.0       1236.0    0.0       
S7            f         39.0      82.0      0.0       0.0       1236.0    0.0       
S8            f         22.0      45.0      0.0       0.0       1236.0    0.0       
S9            f         69.0      92.0      0.0       0.0       1236.0    0.0       
S10           f         2.0       37.0      0.0       0.0       1236.0    0.0       
S11           f         99.0      93.0      0.0       0.0       1236.0    0.0       
S12           f         12.0      23.0      0.0       0.0       1236.0    0.0       
S13           f         91.0      5.0       0.0       0.0       1236.0    0.0       
S14           f         7.0       72.0      0.0       0.0       1236.0    0.0       
S15           f         69.0      22.0      0.0       0.0       1236.0    0.0       
S16           f         61.0      61.0      0.0       0.0       1236.0    0.0       
S17           f         84.0      49.0      0.0       0.0       1236.0    0.0       
S18           f         29.0      2.0       0.0       0.0       1236.0    0.0       
S19           f         53.0      19.0      0.0       0.0       1236.0    0.0       
S20           f         83.0      69.0      0.0       0.0       1236.0    0.0       
C0            c         28.0      62.0      10.0      24.0      204.0     90.0      
C1            c         33.0      59.0      10.0      167.0     347.0     90.0      
C2            c         28.0      62.0      20.0      486.0     666.0     90.0      
C3            c         29.0      61.0      20.0      21.0      201.0     90.0      
C4            c         36.0      55.0      10.0      22.0      202.0     90.0      
C5            c         37.0      63.0      10.0      915.0     1095.0    90.0      
C6            c         35.0      56.0      10.0      553.0     733.0     90.0      
C7            c         29.0      59.0      10.0      30.0      210.0     90.0      
C8            c         35.0      57.0      20.0      771.0     951.0     90.0      
C9            c         31.0      57.0      30.0      488.0     668.0     90.0      
C10           c         32.0      63.0      20.0      927.0     1107.0    90.0      
C11           c         79.0      26.0      20.0      600.0     780.0     90.0      
C12           c         74.0      20.0      20.0      469.0     649.0     90.0      
C13           c         77.0      21.0      20.0      555.0     735.0     90.0      
C14           c         81.0      20.0      10.0      801.0     981.0     90.0      
C15           c         83.0      25.0      10.0      561.0     741.0     90.0      
C16           c         83.0      20.0      10.0      170.0     350.0     90.0      
C17           c         74.0      22.0      50.0      948.0     1128.0    90.0      
C18           c         80.0      20.0      10.0      347.0     527.0     90.0      
C19           c         82.0      21.0      10.0      288.0     468.0     90.0      
C20           c         78.0      26.0      30.0      469.0     649.0     90.0      
C21           c         37.0      34.0      10.0      934.0     1114.0    90.0      
C22           c         29.0      30.0      10.0      219.0     399.0     90.0      
C23           c         32.0      31.0      10.0      903.0     1083.0    90.0      
C24           c         29.0      32.0      10.0      37.0      217.0     90.0      
C25           c         28.0      32.0      30.0      718.0     898.0     90.0      
C26           c         28.0      30.0      10.0      194.0     374.0     90.0      
C27           c         36.0      30.0      10.0      258.0     438.0     90.0      
C28           c         30.0      36.0      10.0      251.0     431.0     90.0      
C29           c         32.0      31.0      20.0      769.0     949.0     90.0      
C30           c         12.0      15.0      10.0      434.0     614.0     90.0      
C31           c         16.0      13.0      20.0      721.0     901.0     90.0      
C32           c         9.0       12.0      20.0      375.0     555.0     90.0      
C33           c         15.0      18.0      10.0      494.0     674.0     90.0      
C34           c         17.0      22.0      10.0      427.0     607.0     90.0      
C35           c         11.0      16.0      10.0      258.0     438.0     90.0      
C36           c         19.0      13.0      20.0      314.0     494.0     90.0      
C37           c         19.0      21.0      30.0      241.0     421.0     90.0      
C38           c         14.0      18.0      20.0      436.0     616.0     90.0      
C39           c         17.0      20.0      10.0      196.0     376.0     90.0      
C40           c         52.0      73.0      10.0      29.0      209.0     90.0      
C41           c         47.0      65.0      10.0      25.0      205.0     90.0      
C42           c         55.0      71.0      20.0      857.0     1037.0    90.0      
C43           c         50.0      71.0      20.0      452.0     632.0     90.0      
C44           c         56.0      66.0      30.0      37.0      217.0     90.0      
C45           c         52.0      63.0      10.0      383.0     563.0     90.0      
C46           c         55.0      66.0      40.0      113.0     293.0     90.0      
C47           c         54.0      70.0      20.0      651.0     831.0     90.0      
C48           c         49.0      65.0      40.0      922.0     1102.0    90.0      
C49           c         17.0      76.0      10.0      154.0     334.0     90.0      
C50           c         11.0      77.0      10.0      730.0     910.0     90.0      
C51           c         9.0       81.0      10.0      472.0     652.0     90.0      
C52           c         8.0       82.0      20.0      156.0     336.0     90.0      
C53           c         17.0      84.0      10.0      794.0     974.0     90.0      
C54           c         16.0      81.0      10.0      200.0     380.0     90.0      
C55           c         11.0      79.0      20.0      177.0     357.0     90.0      
C56           c         14.0      80.0      30.0      311.0     491.0     90.0      
C57           c         9.0       81.0      10.0      691.0     871.0     90.0      
C58           c         8.0       77.0      10.0      367.0     547.0     90.0      
C59           c         14.0      79.0      30.0      212.0     392.0     90.0      
C60           c         57.0      37.0      40.0      837.0     1017.0    90.0      
C61           c         58.0      33.0      20.0      905.0     1085.0    90.0      
C62           c         54.0      31.0      10.0      28.0      208.0     90.0      
C63           c         54.0      34.0      30.0      624.0     804.0     90.0      
C64           c         58.0      32.0      10.0      25.0      205.0     90.0      
C65           c         50.0      39.0      20.0      781.0     961.0     90.0      
C66           c         49.0      38.0      10.0      912.0     1092.0    90.0      
C67           c         53.0      38.0      10.0      655.0     835.0     90.0      
C68           c         58.0      38.0      40.0      824.0     1004.0    90.0      
C69           c         52.0      35.0      20.0      225.0     405.0     90.0      
C70           c         53.0      38.0      10.0      28.0      208.0     90.0      
C71           c         53.0      36.0      10.0      28.0      208.0     90.0      
C72           c         91.0      73.0      30.0      569.0     749.0     90.0      
C73           c         91.0      73.0      20.0      700.0     880.0     90.0      
C74           c         91.0      73.0      10.0      630.0     810.0     90.0      
C75           c         86.0      67.0      20.0      405.0     585.0     90.0      
C76           c         90.0      68.0      50.0      699.0     879.0     90.0      
C77           c         86.0      68.0      10.0      674.0     854.0     90.0      
C78           c         84.0      70.0      20.0      168.0     348.0     90.0      
C79           c         89.0      68.0      30.0      256.0     436.0     90.0      
C80           c         90.0      72.0      10.0      274.0     454.0     90.0      
C81           c         91.0      72.0      10.0      699.0     879.0     90.0      
C82           c         91.0      65.0      10.0      370.0     550.0     90.0      
C83           c         64.0      56.0      30.0      212.0     392.0     90.0      
C84           c         62.0      56.0      10.0      37.0      217.0     90.0      
C85           c         66.0      60.0      40.0      208.0     388.0     90.0      
C86           c         64.0      60.0      10.0      109.0     289.0     90.0      
C87           c         65.0      59.0      40.0      900.0     1080.0    90.0      
C88           c         69.0      53.0      10.0      903.0     1083.0    90.0      
C89           c         62.0      51.0      30.0      158.0     338.0     90.0      
C90           c         64.0      51.0      10.0      20.0      200.0     90.0      
C91           c         61.0      59.0      10.0      34.0      214.0     90.0      
C92           c         68.0      87.0      30.0      490.0     670.0     90.0      
C93           c         65.0      86.0      20.0      715.0     895.0     90.0      
C94           c         73.0      88.0      20.0      256.0     436.0     90.0      
C95           c         68.0      89.0      10.0      766.0     946.0     90.0      
C96           c         71.0      94.0      10.0      500.0     680.0     90.0      
C97           c         71.0      93.0      40.0      208.0     388.0     90.0      
C98           c         73.0      91.0      10.0      707.0     887.0     90.0      
C99           c         73.0      85.0      20.0      640.0     820.0     90.0      

Q Vehicle fuel tank capacity /67.8/
C Vehicle load capacity /200.0/
r fuel consumption rate /1.0/
g inverse refueling rate /4.0/
v average Velocity /1.0/
