StringID      Type      x         y         demand    ReadyTime DueDate   ServiceTime
D0            d         45.0      50.0      0.0       0.0       1236.0    0.0       
S0            f         45.0      50.0      0.0       0.0       1236.0    0.0       
S1            f         30.0      61.0      0.0       0.0       1236.0    0.0       
S2            f         76.0      35.0      0.0       0.0       1236.0    0.0       
S3            f         11.0      13.0      0.0       0.0       1236.0    0.0       
S4            f         81.0      92.0      0.0       0.0       1236.0    0.0       
S5            f         6.0       83.0      0.0       0.0       1236.0    0.0       
S6            f         71.0      48.0      0.0       0.0       1236.0    0.0       
S7            f         39.0      82.0      0.0       0.0       1236.0    0.0       
S8            f         22.0      45.0      0.0       0.0       1236.0    0.0       
S9            f         69.0      92.0      0.0       0.0       1236.0    0.0       
S10           f         2.0       37.0      0.0       0.0       1236.0    0.0       
S11           f         99.0      93.0      0.0       0.0       1236.0    0.0       
S12           f         12.0      23.0      0.0       0.0       1236.0    0.0       
S13           f         91.0      5.0       0.0       0.0       1236.0    0.0       
S14           f         7.0       72.0      0.0       0.0       1236.0    0.0       
S15           f         69.0      22.0      0.0       0.0       1236.0    0.0       
S16           f         61.0      61.0      0.0       0.0       1236.0    0.0       
S17           f         84.0      49.0      0.0       0.0       1236.0    0.0       
S18           f         29.0      2.0       0.0       0.0       1236.0    0.0       
S19           f         53.0      19.0      0.0       0.0       1236.0    0.0       
S20           f         83.0      69.0      0.0       0.0       1236.0    0.0       
C0            c         28.0      62.0      10.0      616.0     685.0     90.0      
C1            c         33.0      59.0      10.0      424.0     483.0     90.0      
C2            c         28.0      62.0      20.0      1048.0    1104.0    90.0      
C3            c         29.0      61.0      20.0      697.0     755.0     90.0      
C4            c         36.0      55.0      10.0      726.0     785.0     90.0      
C5            c         37.0      63.0      10.0      80.0      142.0     90.0      
C6            c         35.0      56.0      10.0      919.0     971.0     90.0      
C7            c         29.0      59.0      10.0      0.0       1120.0    90.0      
C8            c         35.0      57.0      20.0      227.0     288.0     90.0      
C9            c         31.0      57.0      30.0      139.0     196.0     90.0      
C10           c         32.0      63.0      20.0      214.0     271.0     90.0      
C11           c         79.0      26.0      20.0      0.0       1112.0    90.0      
C12           c         74.0      20.0      20.0      0.0       1112.0    90.0      
C13           c         77.0      21.0      20.0      394.0     453.0     90.0      
C14           c         81.0      20.0      10.0      314.0     371.0     90.0      
C15           c         83.0      25.0      10.0      792.0     850.0     90.0      
C16           c         83.0      20.0      10.0      280.0     341.0     90.0      
C17           c         74.0      22.0      50.0      330.0     390.0     90.0      
C18           c         80.0      20.0      10.0      0.0       1104.0    90.0      
C19           c         82.0      21.0      10.0      549.0     608.0     90.0      
C20           c         78.0      26.0      30.0      330.0     391.0     90.0      
C21           c         37.0      34.0      10.0      239.0     301.0     90.0      
C22           c         29.0      30.0      10.0      0.0       1114.0    90.0      
C23           c         32.0      31.0      10.0      366.0     427.0     90.0      
C24           c         29.0      32.0      10.0      908.0     965.0     90.0      
C25           c         28.0      32.0      30.0      536.0     596.0     90.0      
C26           c         28.0      30.0      10.0      489.0     547.0     90.0      
C27           c         36.0      30.0      10.0      127.0     181.0     90.0      
C28           c         30.0      36.0      10.0      0.0       1119.0    90.0      
C29           c         32.0      31.0      20.0      245.0     297.0     90.0      
C30           c         12.0      15.0      10.0      503.0     563.0     90.0      
C31           c         16.0      13.0      20.0      527.0     589.0     90.0      
C32           c         9.0       12.0      20.0      613.0     678.0     90.0      
C33           c         15.0      18.0      10.0      478.0     543.0     90.0      
C34           c         17.0      22.0      10.0      840.0     897.0     90.0      
C35           c         11.0      16.0      10.0      0.0       1102.0    90.0      
C36           c         19.0      13.0      20.0      990.0     1045.0    90.0      
C37           c         19.0      21.0      30.0      0.0       1113.0    90.0      
C38           c         14.0      18.0      20.0      973.0     1031.0    90.0      
C39           c         17.0      20.0      10.0      196.0     258.0     90.0      
C40           c         52.0      73.0      10.0      591.0     651.0     90.0      
C41           c         47.0      65.0      10.0      0.0       1124.0    90.0      
C42           c         55.0      71.0      20.0      0.0       1116.0    90.0      
C43           c         50.0      71.0      20.0      0.0       1118.0    90.0      
C44           c         56.0      66.0      30.0      351.0     406.0     90.0      
C45           c         52.0      63.0      10.0      875.0     938.0     90.0      
C46           c         55.0      66.0      40.0      0.0       1119.0    90.0      
C47           c         54.0      70.0      20.0      392.0     462.0     90.0      
C48           c         49.0      65.0      40.0      0.0       1123.0    90.0      
C49           c         17.0      76.0      10.0      197.0     263.0     90.0      
C50           c         11.0      77.0      10.0      888.0     954.0     90.0      
C51           c         9.0       81.0      10.0      353.0     411.0     90.0      
C52           c         8.0       82.0      20.0      488.0     545.0     90.0      
C53           c         17.0      84.0      10.0      694.0     751.0     90.0      
C54           c         16.0      81.0      10.0      180.0     235.0     90.0      
C55           c         11.0      79.0      20.0      914.0     973.0     90.0      
C56           c         14.0      80.0      30.0      609.0     668.0     90.0      
C57           c         9.0       81.0      10.0      223.0     284.0     90.0      
C58           c         8.0       77.0      10.0      872.0     928.0     90.0      
C59           c         14.0      79.0      30.0      0.0       1111.0    90.0      
C60           c         57.0      37.0      40.0      993.0     1059.0    90.0      
C61           c         58.0      33.0      20.0      964.0     1031.0    90.0      
C62           c         54.0      31.0      10.0      0.0       1119.0    90.0      
C63           c         54.0      34.0      30.0      175.0     240.0     90.0      
C64           c         58.0      32.0      10.0      509.0     573.0     90.0      
C65           c         50.0      39.0      20.0      0.0       1128.0    90.0      
C66           c         49.0      38.0      10.0      0.0       1125.0    90.0      
C67           c         53.0      38.0      10.0      0.0       1124.0    90.0      
C68           c         58.0      38.0      40.0      0.0       1120.0    90.0      
C69           c         52.0      35.0      20.0      891.0     947.0     90.0      
C70           c         53.0      38.0      10.0      235.0     292.0     90.0      
C71           c         53.0      36.0      10.0      0.0       1121.0    90.0      
C72           c         91.0      73.0      30.0      801.0     861.0     90.0      
C73           c         91.0      73.0      20.0      513.0     571.0     90.0      
C74           c         91.0      73.0      10.0      218.0     277.0     90.0      
C75           c         86.0      67.0      20.0      168.0     228.0     90.0      
C76           c         90.0      68.0      50.0      619.0     682.0     90.0      
C77           c         86.0      68.0      10.0      304.0     359.0     90.0      
C78           c         84.0      70.0      20.0      0.0       1105.0    90.0      
C79           c         89.0      68.0      30.0      687.0     739.0     90.0      
C80           c         90.0      72.0      10.0      494.0     559.0     90.0      
C81           c         91.0      72.0      10.0      476.0     530.0     90.0      
C82           c         91.0      65.0      10.0      308.0     367.0     90.0      
C83           c         64.0      56.0      30.0      213.0     272.0     90.0      
C84           c         62.0      56.0      10.0      152.0     202.0     90.0      
C85           c         66.0      60.0      40.0      0.0       1116.0    90.0      
C86           c         64.0      60.0      10.0      612.0     669.0     90.0      
C87           c         65.0      59.0      40.0      0.0       1116.0    90.0      
C88           c         69.0      53.0      10.0      0.0       1115.0    90.0      
C89           c         62.0      51.0      30.0      0.0       1121.0    90.0      
C90           c         64.0      51.0      10.0      761.0     821.0     90.0      
C91           c         61.0      59.0      10.0      84.0      135.0     90.0      
C92           c         68.0      87.0      30.0      571.0     633.0     90.0      
C93           c         65.0      86.0      20.0      717.0     777.0     90.0      
C94           c         73.0      88.0      20.0      617.0     674.0     90.0      
C95           c         68.0      89.0      10.0      826.0     885.0     90.0      
C96           c         71.0      94.0      10.0      824.0     878.0     90.0      
C97           c         71.0      93.0      40.0      66.0      121.0     90.0      
C98           c         73.0      91.0      10.0      754.0     812.0     90.0      
C99           c         73.0      85.0      20.0      338.0     399.0     90.0      

Q Vehicle fuel tank capacity /67.8/
C Vehicle load capacity /200.0/
r fuel consumption rate /1.0/
g inverse refueling rate /4.0/
v average Velocity /1.0/
