StringID      Type      x         y         demand    ReadyTime DueDate   ServiceTime
D0            d         45.0      50.0      0.0       0.0       1236.0    0.0       
S0            f         45.0      50.0      0.0       0.0       1236.0    0.0       
S1            f         30.0      61.0      0.0       0.0       1236.0    0.0       
S2            f         76.0      35.0      0.0       0.0       1236.0    0.0       
S3            f         11.0      13.0      0.0       0.0       1236.0    0.0       
S4            f         81.0      92.0      0.0       0.0       1236.0    0.0       
S5            f         6.0       83.0      0.0       0.0       1236.0    0.0       
S6            f         71.0      48.0      0.0       0.0       1236.0    0.0       
S7            f         39.0      82.0      0.0       0.0       1236.0    0.0       
S8            f         22.0      45.0      0.0       0.0       1236.0    0.0       
S9            f         69.0      92.0      0.0       0.0       1236.0    0.0       
S10           f         2.0       37.0      0.0       0.0       1236.0    0.0       
S11           f         99.0      93.0      0.0       0.0       1236.0    0.0       
S12           f         12.0      23.0      0.0       0.0       1236.0    0.0       
S13           f         91.0      5.0       0.0       0.0       1236.0    0.0       
S14           f         7.0       72.0      0.0       0.0       1236.0    0.0       
S15           f         69.0      22.0      0.0       0.0       1236.0    0.0       
S16           f         61.0      61.0      0.0       0.0       1236.0    0.0       
S17           f         84.0      49.0      0.0       0.0       1236.0    0.0       
S18           f         29.0      2.0       0.0       0.0       1236.0    0.0       
S19           f         53.0      19.0      0.0       0.0       1236.0    0.0       
S20           f         83.0      69.0      0.0       0.0       1236.0    0.0       
C0            c         28.0      62.0      10.0      253.0     564.0     90.0      
C1            c         33.0      59.0      10.0      29.0      312.0     90.0      
C2            c         28.0      62.0      20.0      23.0      264.0     90.0      
C3            c         29.0      61.0      20.0      371.0     644.0     90.0      
C4            c         36.0      55.0      10.0      18.0      284.0     90.0      
C5            c         37.0      63.0      10.0      79.0      346.0     90.0      
C6            c         35.0      56.0      10.0      386.0     637.0     90.0      
C7            c         29.0      59.0      10.0      17.0      326.0     90.0      
C8            c         35.0      57.0      20.0      632.0     892.0     90.0      
C9            c         31.0      57.0      30.0      739.0     984.0     90.0      
C10           c         32.0      63.0      20.0      64.0      298.0     90.0      
C11           c         79.0      26.0      20.0      21.0      291.0     90.0      
C12           c         74.0      20.0      20.0      238.0     492.0     90.0      
C13           c         77.0      21.0      20.0      29.0      377.0     90.0      
C14           c         81.0      20.0      10.0      323.0     523.0     90.0      
C15           c         83.0      25.0      10.0      671.0     918.0     90.0      
C16           c         83.0      20.0      10.0      231.0     493.0     90.0      
C17           c         74.0      22.0      50.0      22.0      270.0     90.0      
C18           c         80.0      20.0      10.0      162.0     417.0     90.0      
C19           c         82.0      21.0      10.0      698.0     960.0     90.0      
C20           c         78.0      26.0      30.0      15.0      261.0     90.0      
C21           c         37.0      34.0      10.0      413.0     668.0     90.0      
C22           c         29.0      30.0      10.0      535.0     844.0     90.0      
C23           c         32.0      31.0      10.0      164.0     433.0     90.0      
C24           c         29.0      32.0      10.0      266.0     575.0     90.0      
C25           c         28.0      32.0      30.0      547.0     808.0     90.0      
C26           c         28.0      30.0      10.0      389.0     639.0     90.0      
C27           c         36.0      30.0      10.0      893.0     1113.0    90.0      
C28           c         30.0      36.0      10.0      727.0     925.0     90.0      
C29           c         32.0      31.0      20.0      399.0     639.0     90.0      
C30           c         12.0      15.0      10.0      418.0     695.0     90.0      
C31           c         16.0      13.0      20.0      192.0     455.0     90.0      
C32           c         9.0       12.0      20.0      302.0     594.0     90.0      
C33           c         15.0      18.0      10.0      387.0     641.0     90.0      
C34           c         17.0      22.0      10.0      657.0     906.0     90.0      
C35           c         11.0      16.0      10.0      576.0     802.0     90.0      
C36           c         19.0      13.0      20.0      651.0     949.0     90.0      
C37           c         19.0      21.0      30.0      591.0     914.0     90.0      
C38           c         14.0      18.0      20.0      744.0     1043.0    90.0      
C39           c         17.0      20.0      10.0      524.0     730.0     90.0      
C40           c         52.0      73.0      10.0      649.0     865.0     90.0      
C41           c         47.0      65.0      10.0      311.0     543.0     90.0      
C42           c         55.0      71.0      20.0      881.0     1118.0    90.0      
C43           c         50.0      71.0      20.0      25.0      291.0     90.0      
C44           c         56.0      66.0      30.0      701.0     955.0     90.0      
C45           c         52.0      63.0      10.0      17.0      249.0     90.0      
C46           c         55.0      66.0      40.0      17.0      256.0     90.0      
C47           c         54.0      70.0      20.0      592.0     873.0     90.0      
C48           c         49.0      65.0      40.0      232.0     486.0     90.0      
C49           c         17.0      76.0      10.0      236.0     505.0     90.0      
C50           c         11.0      77.0      10.0      217.0     463.0     90.0      
C51           c         9.0       81.0      10.0      571.0     836.0     90.0      
C52           c         8.0       82.0      20.0      599.0     856.0     90.0      
C53           c         17.0      84.0      10.0      643.0     888.0     90.0      
C54           c         16.0      81.0      10.0      710.0     989.0     90.0      
C55           c         11.0      79.0      20.0      471.0     716.0     90.0      
C56           c         14.0      80.0      30.0      563.0     793.0     90.0      
C57           c         9.0       81.0      10.0      194.0     426.0     90.0      
C58           c         8.0       77.0      10.0      236.0     514.0     90.0      
C59           c         14.0      79.0      30.0      698.0     958.0     90.0      
C60           c         57.0      37.0      40.0      153.0     423.0     90.0      
C61           c         58.0      33.0      20.0      306.0     604.0     90.0      
C62           c         54.0      31.0      10.0      482.0     767.0     90.0      
C63           c         54.0      34.0      30.0      751.0     1061.0    90.0      
C64           c         58.0      32.0      10.0      227.0     558.0     90.0      
C65           c         50.0      39.0      20.0      12.0      357.0     90.0      
C66           c         49.0      38.0      10.0      26.0      266.0     90.0      
C67           c         53.0      38.0      10.0      17.0      243.0     90.0      
C68           c         58.0      38.0      40.0      62.0      282.0     90.0      
C69           c         52.0      35.0      20.0      27.0      344.0     90.0      
C70           c         53.0      38.0      10.0      222.0     405.0     90.0      
C71           c         53.0      36.0      10.0      727.0     997.0     90.0      
C72           c         91.0      73.0      30.0      297.0     560.0     90.0      
C73           c         91.0      73.0      20.0      578.0     843.0     90.0      
C74           c         91.0      73.0      10.0      458.0     746.0     90.0      
C75           c         86.0      67.0      20.0      592.0     874.0     90.0      
C76           c         90.0      68.0      50.0      407.0     642.0     90.0      
C77           c         86.0      68.0      10.0      460.0     721.0     90.0      
C78           c         84.0      70.0      20.0      722.0     978.0     90.0      
C79           c         89.0      68.0      30.0      740.0     981.0     90.0      
C80           c         90.0      72.0      10.0      352.0     582.0     90.0      
C81           c         91.0      72.0      10.0      162.0     427.0     90.0      
C82           c         91.0      65.0      10.0      214.0     450.0     90.0      
C83           c         64.0      56.0      30.0      545.0     805.0     90.0      
C84           c         62.0      56.0      10.0      524.0     824.0     90.0      
C85           c         66.0      60.0      40.0      853.0     1122.0    90.0      
C86           c         64.0      60.0      10.0      690.0     935.0     90.0      
C87           c         65.0      59.0      40.0      692.0     905.0     90.0      
C88           c         69.0      53.0      10.0      96.0      401.0     90.0      
C89           c         62.0      51.0      30.0      105.0     350.0     90.0      
C90           c         64.0      51.0      10.0      580.0     832.0     90.0      
C91           c         61.0      59.0      10.0      703.0     952.0     90.0      
C92           c         68.0      87.0      30.0      162.0     424.0     90.0      
C93           c         65.0      86.0      20.0      189.0     518.0     90.0      
C94           c         73.0      88.0      20.0      369.0     694.0     90.0      
C95           c         68.0      89.0      10.0      571.0     891.0     90.0      
C96           c         71.0      94.0      10.0      752.0     965.0     90.0      
C97           c         71.0      93.0      40.0      582.0     827.0     90.0      
C98           c         73.0      91.0      10.0      320.0     600.0     90.0      
C99           c         73.0      85.0      20.0      345.0     573.0     90.0      

Q Vehicle fuel tank capacity /67.8/
C Vehicle load capacity /200.0/
r fuel consumption rate /1.0/
g inverse refueling rate /4.0/
v average Velocity /1.0/
