StringID      Type      x         y         demand    ReadyTime DueDate   ServiceTime
D0            d         45.0      50.0      0.0       0.0       1236.0    0.0       
S0            f         45.0      50.0      0.0       0.0       1236.0    0.0       
S1            f         30.0      61.0      0.0       0.0       1236.0    0.0       
S2            f         76.0      35.0      0.0       0.0       1236.0    0.0       
S3            f         11.0      13.0      0.0       0.0       1236.0    0.0       
S4            f         81.0      92.0      0.0       0.0       1236.0    0.0       
S5            f         6.0       83.0      0.0       0.0       1236.0    0.0       
S6            f         71.0      48.0      0.0       0.0       1236.0    0.0       
S7            f         39.0      82.0      0.0       0.0       1236.0    0.0       
S8            f         22.0      45.0      0.0       0.0       1236.0    0.0       
S9            f         69.0      92.0      0.0       0.0       1236.0    0.0       
S10           f         2.0       37.0      0.0       0.0       1236.0    0.0       
S11           f         99.0      93.0      0.0       0.0       1236.0    0.0       
S12           f         12.0      23.0      0.0       0.0       1236.0    0.0       
S13           f         91.0      5.0       0.0       0.0       1236.0    0.0       
S14           f         7.0       72.0      0.0       0.0       1236.0    0.0       
S15           f         69.0      22.0      0.0       0.0       1236.0    0.0       
S16           f         61.0      61.0      0.0       0.0       1236.0    0.0       
S17           f         84.0      49.0      0.0       0.0       1236.0    0.0       
S18           f         29.0      2.0       0.0       0.0       1236.0    0.0       
S19           f         53.0      19.0      0.0       0.0       1236.0    0.0       
S20           f         83.0      69.0      0.0       0.0       1236.0    0.0       
C0            c         28.0      62.0      10.0      981.0     1058.0    90.0      
C1            c         33.0      59.0      10.0      733.0     788.0     90.0      
C2            c         28.0      62.0      20.0      82.0      151.0     90.0      
C3            c         29.0      61.0      20.0      483.0     556.0     90.0      
C4            c         36.0      55.0      10.0      791.0     864.0     90.0      
C5            c         37.0      63.0      10.0      215.0     278.0     90.0      
C6            c         35.0      56.0      10.0      751.0     827.0     90.0      
C7            c         29.0      59.0      10.0      780.0     849.0     90.0      
C8            c         35.0      57.0      20.0      170.0     233.0     90.0      
C9            c         31.0      57.0      30.0      738.0     804.0     90.0      
C10           c         32.0      63.0      20.0      492.0     557.0     90.0      
C11           c         79.0      26.0      20.0      898.0     964.0     90.0      
C12           c         74.0      20.0      20.0      490.0     564.0     90.0      
C13           c         77.0      21.0      20.0      415.0     488.0     90.0      
C14           c         81.0      20.0      10.0      718.0     786.0     90.0      
C15           c         83.0      25.0      10.0      762.0     833.0     90.0      
C16           c         83.0      20.0      10.0      732.0     806.0     90.0      
C17           c         74.0      22.0      50.0      634.0     703.0     90.0      
C18           c         80.0      20.0      10.0      236.0     307.0     90.0      
C19           c         82.0      21.0      10.0      503.0     555.0     90.0      
C20           c         78.0      26.0      30.0      426.0     492.0     90.0      
C21           c         37.0      34.0      10.0      962.0     1033.0    90.0      
C22           c         29.0      30.0      10.0      936.0     991.0     90.0      
C23           c         32.0      31.0      10.0      797.0     858.0     90.0      
C24           c         29.0      32.0      10.0      14.0      77.0      90.0      
C25           c         28.0      32.0      30.0      921.0     979.0     90.0      
C26           c         28.0      30.0      10.0      193.0     261.0     90.0      
C27           c         36.0      30.0      10.0      12.0      71.0      90.0      
C28           c         30.0      36.0      10.0      107.0     190.0     90.0      
C29           c         32.0      31.0      20.0      19.0      89.0      90.0      
C30           c         12.0      15.0      10.0      560.0     623.0     90.0      
C31           c         16.0      13.0      20.0      414.0     466.0     90.0      
C32           c         9.0       12.0      20.0      675.0     742.0     90.0      
C33           c         15.0      18.0      10.0      755.0     817.0     90.0      
C34           c         17.0      22.0      10.0      639.0     689.0     90.0      
C35           c         11.0      16.0      10.0      164.0     232.0     90.0      
C36           c         19.0      13.0      20.0      672.0     744.0     90.0      
C37           c         19.0      21.0      30.0      519.0     582.0     90.0      
C38           c         14.0      18.0      20.0      601.0     663.0     90.0      
C39           c         17.0      20.0      10.0      772.0     833.0     90.0      
C40           c         52.0      73.0      10.0      23.0      89.0      90.0      
C41           c         47.0      65.0      10.0      350.0     419.0     90.0      
C42           c         55.0      71.0      20.0      857.0     906.0     90.0      
C43           c         50.0      71.0      20.0      40.0      106.0     90.0      
C44           c         56.0      66.0      30.0      790.0     853.0     90.0      
C45           c         52.0      63.0      10.0      578.0     641.0     90.0      
C46           c         55.0      66.0      40.0      202.0     262.0     90.0      
C47           c         54.0      70.0      20.0      684.0     758.0     90.0      
C48           c         49.0      65.0      40.0      23.0      82.0      90.0      
C49           c         17.0      76.0      10.0      251.0     308.0     90.0      
C50           c         11.0      77.0      10.0      378.0     436.0     90.0      
C51           c         9.0       81.0      10.0      789.0     854.0     90.0      
C52           c         8.0       82.0      20.0      276.0     331.0     90.0      
C53           c         17.0      84.0      10.0      424.0     476.0     90.0      
C54           c         16.0      81.0      10.0      793.0     865.0     90.0      
C55           c         11.0      79.0      20.0      307.0     374.0     90.0      
C56           c         14.0      80.0      30.0      207.0     267.0     90.0      
C57           c         9.0       81.0      10.0      815.0     873.0     90.0      
C58           c         8.0       77.0      10.0      320.0     380.0     90.0      
C59           c         14.0      79.0      30.0      714.0     785.0     90.0      
C60           c         57.0      37.0      40.0      548.0     622.0     90.0      
C61           c         58.0      33.0      20.0      739.0     785.0     90.0      
C62           c         54.0      31.0      10.0      236.0     305.0     90.0      
C63           c         54.0      34.0      30.0      337.0     392.0     90.0      
C64           c         58.0      32.0      10.0      648.0     724.0     90.0      
C65           c         50.0      39.0      20.0      617.0     683.0     90.0      
C66           c         49.0      38.0      10.0      369.0     429.0     90.0      
C67           c         53.0      38.0      10.0      479.0     541.0     90.0      
C68           c         58.0      38.0      40.0      303.0     359.0     90.0      
C69           c         52.0      35.0      20.0      278.0     337.0     90.0      
C70           c         53.0      38.0      10.0      698.0     749.0     90.0      
C71           c         53.0      36.0      10.0      15.0      82.0      90.0      
C72           c         91.0      73.0      30.0      816.0     889.0     90.0      
C73           c         91.0      73.0      20.0      369.0     433.0     90.0      
C74           c         91.0      73.0      10.0      821.0     886.0     90.0      
C75           c         86.0      67.0      20.0      476.0     533.0     90.0      
C76           c         90.0      68.0      50.0      309.0     363.0     90.0      
C77           c         86.0      68.0      10.0      281.0     346.0     90.0      
C78           c         84.0      70.0      20.0      442.0     520.0     90.0      
C79           c         89.0      68.0      30.0      405.0     477.0     90.0      
C80           c         90.0      72.0      10.0      231.0     305.0     90.0      
C81           c         91.0      72.0      10.0      656.0     730.0     90.0      
C82           c         91.0      65.0      10.0      282.0     358.0     90.0      
C83           c         64.0      56.0      30.0      857.0     931.0     90.0      
C84           c         62.0      56.0      10.0      19.0      87.0      90.0      
C85           c         66.0      60.0      40.0      11.0      85.0      90.0      
C86           c         64.0      60.0      10.0      22.0      100.0     90.0      
C87           c         65.0      59.0      40.0      895.0     963.0     90.0      
C88           c         69.0      53.0      10.0      429.0     487.0     90.0      
C89           c         62.0      51.0      30.0      24.0      100.0     90.0      
C90           c         64.0      51.0      10.0      829.0     910.0     90.0      
C91           c         61.0      59.0      10.0      498.0     554.0     90.0      
C92           c         68.0      87.0      30.0      732.0     795.0     90.0      
C93           c         65.0      86.0      20.0      689.0     751.0     90.0      
C94           c         73.0      88.0      20.0      741.0     820.0     90.0      
C95           c         68.0      89.0      10.0      381.0     455.0     90.0      
C96           c         71.0      94.0      10.0      483.0     550.0     90.0      
C97           c         71.0      93.0      40.0      242.0     300.0     90.0      
C98           c         73.0      91.0      10.0      501.0     561.0     90.0      
C99           c         73.0      85.0      20.0      178.0     241.0     90.0      

Q Vehicle fuel tank capacity /67.8/
C Vehicle load capacity /200.0/
r fuel consumption rate /1.0/
g inverse refueling rate /4.0/
v average Velocity /1.0/
