StringID      Type      x         y         demand    ReadyTime DueDate   ServiceTime
D0            d         45.0      50.0      0.0       0.0       1236.0    0.0       
S0            f         45.0      50.0      0.0       0.0       1236.0    0.0       
S1            f         30.0      61.0      0.0       0.0       1236.0    0.0       
S2            f         76.0      35.0      0.0       0.0       1236.0    0.0       
S3            f         11.0      13.0      0.0       0.0       1236.0    0.0       
S4            f         81.0      92.0      0.0       0.0       1236.0    0.0       
S5            f         6.0       83.0      0.0       0.0       1236.0    0.0       
S6            f         71.0      48.0      0.0       0.0       1236.0    0.0       
S7            f         39.0      82.0      0.0       0.0       1236.0    0.0       
S8            f         22.0      45.0      0.0       0.0       1236.0    0.0       
S9            f         69.0      92.0      0.0       0.0       1236.0    0.0       
S10           f         2.0       37.0      0.0       0.0       1236.0    0.0       
S11           f         99.0      93.0      0.0       0.0       1236.0    0.0       
S12           f         12.0      23.0      0.0       0.0       1236.0    0.0       
S13           f         91.0      5.0       0.0       0.0       1236.0    0.0       
S14           f         7.0       72.0      0.0       0.0       1236.0    0.0       
S15           f         69.0      22.0      0.0       0.0       1236.0    0.0       
S16           f         61.0      61.0      0.0       0.0       1236.0    0.0       
S17           f         84.0      49.0      0.0       0.0       1236.0    0.0       
S18           f         29.0      2.0       0.0       0.0       1236.0    0.0       
S19           f         53.0      19.0      0.0       0.0       1236.0    0.0       
S20           f         83.0      69.0      0.0       0.0       1236.0    0.0       
C0            c         28.0      62.0      10.0      22.0      156.0     90.0      
C1            c         33.0      59.0      10.0      16.0      145.0     90.0      
C2            c         28.0      62.0      20.0      829.0     956.0     90.0      
C3            c         29.0      61.0      20.0      982.0     1104.0    90.0      
C4            c         36.0      55.0      10.0      341.0     471.0     90.0      
C5            c         37.0      63.0      10.0      16.0      144.0     90.0      
C6            c         35.0      56.0      10.0      705.0     826.0     90.0      
C7            c         29.0      59.0      10.0      485.0     646.0     90.0      
C8            c         35.0      57.0      20.0      736.0     889.0     90.0      
C9            c         31.0      57.0      30.0      110.0     207.0     90.0      
C10           c         32.0      63.0      20.0      34.0      178.0     90.0      
C11           c         79.0      26.0      20.0      821.0     936.0     90.0      
C12           c         74.0      20.0      20.0      654.0     784.0     90.0      
C13           c         77.0      21.0      20.0      717.0     858.0     90.0      
C14           c         81.0      20.0      10.0      636.0     771.0     90.0      
C15           c         83.0      25.0      10.0      250.0     379.0     90.0      
C16           c         83.0      20.0      10.0      335.0     448.0     90.0      
C17           c         74.0      22.0      50.0      796.0     922.0     90.0      
C18           c         80.0      20.0      10.0      557.0     678.0     90.0      
C19           c         82.0      21.0      10.0      569.0     706.0     90.0      
C20           c         78.0      26.0      30.0      818.0     955.0     90.0      
C21           c         37.0      34.0      10.0      186.0     334.0     90.0      
C22           c         29.0      30.0      10.0      726.0     871.0     90.0      
C23           c         32.0      31.0      10.0      701.0     841.0     90.0      
C24           c         29.0      32.0      10.0      20.0      158.0     90.0      
C25           c         28.0      32.0      30.0      737.0     868.0     90.0      
C26           c         28.0      30.0      10.0      351.0     480.0     90.0      
C27           c         36.0      30.0      10.0      651.0     767.0     90.0      
C28           c         30.0      36.0      10.0      172.0     319.0     90.0      
C29           c         32.0      31.0      20.0      226.0     346.0     90.0      
C30           c         12.0      15.0      10.0      484.0     630.0     90.0      
C31           c         16.0      13.0      20.0      252.0     358.0     90.0      
C32           c         9.0       12.0      20.0      168.0     305.0     90.0      
C33           c         15.0      18.0      10.0      730.0     842.0     90.0      
C34           c         17.0      22.0      10.0      309.0     466.0     90.0      
C35           c         11.0      16.0      10.0      490.0     628.0     90.0      
C36           c         19.0      13.0      20.0      635.0     743.0     90.0      
C37           c         19.0      21.0      30.0      660.0     784.0     90.0      
C38           c         14.0      18.0      20.0      223.0     334.0     90.0      
C39           c         17.0      20.0      10.0      815.0     944.0     90.0      
C40           c         52.0      73.0      10.0      388.0     520.0     90.0      
C41           c         47.0      65.0      10.0      15.0      125.0     90.0      
C42           c         55.0      71.0      20.0      420.0     526.0     90.0      
C43           c         50.0      71.0      20.0      23.0      124.0     90.0      
C44           c         56.0      66.0      30.0      675.0     783.0     90.0      
C45           c         52.0      63.0      10.0      440.0     579.0     90.0      
C46           c         55.0      66.0      40.0      12.0      128.0     90.0      
C47           c         54.0      70.0      20.0      621.0     745.0     90.0      
C48           c         49.0      65.0      40.0      887.0     1042.0    90.0      
C49           c         17.0      76.0      10.0      484.0     603.0     90.0      
C50           c         11.0      77.0      10.0      571.0     700.0     90.0      
C51           c         9.0       81.0      10.0      162.0     308.0     90.0      
C52           c         8.0       82.0      20.0      786.0     903.0     90.0      
C53           c         17.0      84.0      10.0      598.0     750.0     90.0      
C54           c         16.0      81.0      10.0      370.0     514.0     90.0      
C55           c         11.0      79.0      20.0      443.0     588.0     90.0      
C56           c         14.0      80.0      30.0      790.0     951.0     90.0      
C57           c         9.0       81.0      10.0      243.0     365.0     90.0      
C58           c         8.0       77.0      10.0      785.0     916.0     90.0      
C59           c         14.0      79.0      30.0      467.0     572.0     90.0      
C60           c         57.0      37.0      40.0      684.0     802.0     90.0      
C61           c         58.0      33.0      20.0      752.0     877.0     90.0      
C62           c         54.0      31.0      10.0      699.0     854.0     90.0      
C63           c         54.0      34.0      30.0      231.0     365.0     90.0      
C64           c         58.0      32.0      10.0      13.0      143.0     90.0      
C65           c         50.0      39.0      20.0      22.0      173.0     90.0      
C66           c         49.0      38.0      10.0      211.0     312.0     90.0      
C67           c         53.0      38.0      10.0      975.0     1117.0    90.0      
C68           c         58.0      38.0      40.0      15.0      136.0     90.0      
C69           c         52.0      35.0      20.0      734.0     837.0     90.0      
C70           c         53.0      38.0      10.0      11.0      120.0     90.0      
C71           c         53.0      36.0      10.0      13.0      158.0     90.0      
C72           c         91.0      73.0      30.0      773.0     898.0     90.0      
C73           c         91.0      73.0      20.0      720.0     859.0     90.0      
C74           c         91.0      73.0      10.0      310.0     455.0     90.0      
C75           c         86.0      67.0      20.0      802.0     943.0     90.0      
C76           c         90.0      68.0      50.0      814.0     927.0     90.0      
C77           c         86.0      68.0      10.0      405.0     527.0     90.0      
C78           c         84.0      70.0      20.0      601.0     717.0     90.0      
C79           c         89.0      68.0      30.0      176.0     304.0     90.0      
C80           c         90.0      72.0      10.0      422.0     543.0     90.0      
C81           c         91.0      72.0      10.0      729.0     880.0     90.0      
C82           c         91.0      65.0      10.0      298.0     434.0     90.0      
C83           c         64.0      56.0      30.0      19.0      158.0     90.0      
C84           c         62.0      56.0      10.0      990.0     1116.0    90.0      
C85           c         66.0      60.0      40.0      953.0     1097.0    90.0      
C86           c         64.0      60.0      10.0      402.0     539.0     90.0      
C87           c         65.0      59.0      40.0      21.0      152.0     90.0      
C88           c         69.0      53.0      10.0      389.0     519.0     90.0      
C89           c         62.0      51.0      30.0      894.0     1019.0    90.0      
C90           c         64.0      51.0      10.0      745.0     874.0     90.0      
C91           c         61.0      59.0      10.0      23.0      135.0     90.0      
C92           c         68.0      87.0      30.0      823.0     938.0     90.0      
C93           c         65.0      86.0      20.0      379.0     515.0     90.0      
C94           c         73.0      88.0      20.0      178.0     304.0     90.0      
C95           c         68.0      89.0      10.0      206.0     323.0     90.0      
C96           c         71.0      94.0      10.0      539.0     656.0     90.0      
C97           c         71.0      93.0      40.0      397.0     523.0     90.0      
C98           c         73.0      91.0      10.0      568.0     676.0     90.0      
C99           c         73.0      85.0      20.0      235.0     385.0     90.0      

Q Vehicle fuel tank capacity /67.8/
C Vehicle load capacity /200.0/
r fuel consumption rate /1.0/
g inverse refueling rate /4.0/
v average Velocity /1.0/
