StringID      Type      x         y         demand    ReadyTime DueDate   ServiceTime
D0            d         45.0      50.0      0.0       0.0       1236.0    0.0       
S0            f         45.0      50.0      0.0       0.0       1236.0    0.0       
S1            f         30.0      61.0      0.0       0.0       1236.0    0.0       
S2            f         76.0      35.0      0.0       0.0       1236.0    0.0       
S3            f         11.0      13.0      0.0       0.0       1236.0    0.0       
S4            f         81.0      92.0      0.0       0.0       1236.0    0.0       
S5            f         6.0       83.0      0.0       0.0       1236.0    0.0       
S6            f         71.0      48.0      0.0       0.0       1236.0    0.0       
S7            f         39.0      82.0      0.0       0.0       1236.0    0.0       
S8            f         22.0      45.0      0.0       0.0       1236.0    0.0       
S9            f         69.0      92.0      0.0       0.0       1236.0    0.0       
S10           f         2.0       37.0      0.0       0.0       1236.0    0.0       
S11           f         99.0      93.0      0.0       0.0       1236.0    0.0       
S12           f         12.0      23.0      0.0       0.0       1236.0    0.0       
S13           f         91.0      5.0       0.0       0.0       1236.0    0.0       
S14           f         7.0       72.0      0.0       0.0       1236.0    0.0       
S15           f         69.0      22.0      0.0       0.0       1236.0    0.0       
S16           f         61.0      61.0      0.0       0.0       1236.0    0.0       
S17           f         84.0      49.0      0.0       0.0       1236.0    0.0       
S18           f         29.0      2.0       0.0       0.0       1236.0    0.0       
S19           f         53.0      19.0      0.0       0.0       1236.0    0.0       
S20           f         83.0      69.0      0.0       0.0       1236.0    0.0       
C0            c         28.0      62.0      10.0      514.0     617.0     90.0      
C1            c         33.0      59.0      10.0      14.0      247.0     90.0      
C2            c         28.0      62.0      20.0      599.0     776.0     90.0      
C3            c         29.0      61.0      20.0      16.0      269.0     90.0      
C4            c         36.0      55.0      10.0      12.0      283.0     90.0      
C5            c         37.0      63.0      10.0      59.0      223.0     90.0      
C6            c         35.0      56.0      10.0      657.0     884.0     90.0      
C7            c         29.0      59.0      10.0      24.0      127.0     90.0      
C8            c         35.0      57.0      20.0      759.0     954.0     90.0      
C9            c         31.0      57.0      30.0      785.0     1038.0    90.0      
C10           c         32.0      63.0      20.0      152.0     342.0     90.0      
C11           c         79.0      26.0      20.0      549.0     862.0     90.0      
C12           c         74.0      20.0      20.0      467.0     649.0     90.0      
C13           c         77.0      21.0      20.0      28.0      166.0     90.0      
C14           c         81.0      20.0      10.0      279.0     554.0     90.0      
C15           c         83.0      25.0      10.0      672.0     822.0     90.0      
C16           c         83.0      20.0      10.0      708.0     897.0     90.0      
C17           c         74.0      22.0      50.0      21.0      114.0     90.0      
C18           c         80.0      20.0      10.0      409.0     623.0     90.0      
C19           c         82.0      21.0      10.0      197.0     513.0     90.0      
C20           c         78.0      26.0      30.0      717.0     919.0     90.0      
C21           c         37.0      34.0      10.0      642.0     946.0     90.0      
C22           c         29.0      30.0      10.0      406.0     525.0     90.0      
C23           c         32.0      31.0      10.0      26.0      308.0     90.0      
C24           c         29.0      32.0      10.0      22.0      167.0     90.0      
C25           c         28.0      32.0      30.0      668.0     856.0     90.0      
C26           c         28.0      30.0      10.0      405.0     630.0     90.0      
C27           c         36.0      30.0      10.0      10.0      231.0     90.0      
C28           c         30.0      36.0      10.0      25.0      333.0     90.0      
C29           c         32.0      31.0      20.0      524.0     591.0     90.0      
C30           c         12.0      15.0      10.0      594.0     809.0     90.0      
C31           c         16.0      13.0      20.0      774.0     898.0     90.0      
C32           c         9.0       12.0      20.0      261.0     587.0     90.0      
C33           c         15.0      18.0      10.0      466.0     730.0     90.0      
C34           c         17.0      22.0      10.0      662.0     754.0     90.0      
C35           c         11.0      16.0      10.0      320.0     577.0     90.0      
C36           c         19.0      13.0      20.0      177.0     395.0     90.0      
C37           c         19.0      21.0      30.0      262.0     399.0     90.0      
C38           c         14.0      18.0      20.0      181.0     270.0     90.0      
C39           c         17.0      20.0      10.0      205.0     327.0     90.0      
C40           c         52.0      73.0      10.0      209.0     373.0     90.0      
C41           c         47.0      65.0      10.0      590.0     827.0     90.0      
C42           c         55.0      71.0      20.0      314.0     531.0     90.0      
C43           c         50.0      71.0      20.0      28.0      254.0     90.0      
C44           c         56.0      66.0      30.0      764.0     1018.0    90.0      
C45           c         52.0      63.0      10.0      18.0      111.0     90.0      
C46           c         55.0      66.0      40.0      14.0      282.0     90.0      
C47           c         54.0      70.0      20.0      271.0     575.0     90.0      
C48           c         49.0      65.0      40.0      349.0     729.0     90.0      
C49           c         17.0      76.0      10.0      459.0     636.0     90.0      
C50           c         11.0      77.0      10.0      447.0     525.0     90.0      
C51           c         9.0       81.0      10.0      549.0     691.0     90.0      
C52           c         8.0       82.0      20.0      433.0     668.0     90.0      
C53           c         17.0      84.0      10.0      489.0     697.0     90.0      
C54           c         16.0      81.0      10.0      309.0     496.0     90.0      
C55           c         11.0      79.0      20.0      167.0     307.0     90.0      
C56           c         14.0      80.0      30.0      702.0     1050.0    90.0      
C57           c         9.0       81.0      10.0      183.0     332.0     90.0      
C58           c         8.0       77.0      10.0      772.0     989.0     90.0      
C59           c         14.0      79.0      30.0      782.0     1045.0    90.0      
C60           c         57.0      37.0      40.0      465.0     791.0     90.0      
C61           c         58.0      33.0      20.0      796.0     1049.0    90.0      
C62           c         54.0      31.0      10.0      27.0      180.0     90.0      
C63           c         54.0      34.0      30.0      96.0      317.0     90.0      
C64           c         58.0      32.0      10.0      903.0     1099.0    90.0      
C65           c         50.0      39.0      20.0      702.0     924.0     90.0      
C66           c         49.0      38.0      10.0      50.0      286.0     90.0      
C67           c         53.0      38.0      10.0      784.0     893.0     90.0      
C68           c         58.0      38.0      40.0      46.0      320.0     90.0      
C69           c         52.0      35.0      20.0      12.0      164.0     90.0      
C70           c         53.0      38.0      10.0      753.0     894.0     90.0      
C71           c         53.0      36.0      10.0      39.0      186.0     90.0      
C72           c         91.0      73.0      30.0      288.0     394.0     90.0      
C73           c         91.0      73.0      20.0      245.0     444.0     90.0      
C74           c         91.0      73.0      10.0      455.0     673.0     90.0      
C75           c         86.0      67.0      20.0      543.0     715.0     90.0      
C76           c         90.0      68.0      50.0      171.0     427.0     90.0      
C77           c         86.0      68.0      10.0      382.0     529.0     90.0      
C78           c         84.0      70.0      20.0      187.0     273.0     90.0      
C79           c         89.0      68.0      30.0      674.0     884.0     90.0      
C80           c         90.0      72.0      10.0      452.0     606.0     90.0      
C81           c         91.0      72.0      10.0      245.0     450.0     90.0      
C82           c         91.0      65.0      10.0      799.0     1010.0    90.0      
C83           c         64.0      56.0      30.0      380.0     636.0     90.0      
C84           c         62.0      56.0      10.0      128.0     233.0     90.0      
C85           c         66.0      60.0      40.0      765.0     996.0     90.0      
C86           c         64.0      60.0      10.0      837.0     1071.0    90.0      
C87           c         65.0      59.0      40.0      890.0     1051.0    90.0      
C88           c         69.0      53.0      10.0      515.0     738.0     90.0      
C89           c         62.0      51.0      30.0      141.0     319.0     90.0      
C90           c         64.0      51.0      10.0      446.0     713.0     90.0      
C91           c         61.0      59.0      10.0      524.0     656.0     90.0      
C92           c         68.0      87.0      30.0      297.0     531.0     90.0      
C93           c         65.0      86.0      20.0      736.0     890.0     90.0      
C94           c         73.0      88.0      20.0      799.0     977.0     90.0      
C95           c         68.0      89.0      10.0      155.0     283.0     90.0      
C96           c         71.0      94.0      10.0      747.0     870.0     90.0      
C97           c         71.0      93.0      40.0      350.0     602.0     90.0      
C98           c         73.0      91.0      10.0      548.0     775.0     90.0      
C99           c         73.0      85.0      20.0      525.0     739.0     90.0      

Q Vehicle fuel tank capacity /67.8/
C Vehicle load capacity /200.0/
r fuel consumption rate /1.0/
g inverse refueling rate /4.0/
v average Velocity /1.0/
