StringID      Type      x         y         demand    ReadyTime DueDate   ServiceTime
D0            d         45.0      50.0      0.0       0.0       1236.0    0.0       
S0            f         45.0      50.0      0.0       0.0       1236.0    0.0       
S1            f         30.0      61.0      0.0       0.0       1236.0    0.0       
S2            f         76.0      35.0      0.0       0.0       1236.0    0.0       
S3            f         11.0      13.0      0.0       0.0       1236.0    0.0       
S4            f         81.0      92.0      0.0       0.0       1236.0    0.0       
S5            f         6.0       83.0      0.0       0.0       1236.0    0.0       
S6            f         71.0      48.0      0.0       0.0       1236.0    0.0       
S7            f         39.0      82.0      0.0       0.0       1236.0    0.0       
S8            f         22.0      45.0      0.0       0.0       1236.0    0.0       
S9            f         69.0      92.0      0.0       0.0       1236.0    0.0       
S10           f         2.0       37.0      0.0       0.0       1236.0    0.0       
S11           f         99.0      93.0      0.0       0.0       1236.0    0.0       
S12           f         12.0      23.0      0.0       0.0       1236.0    0.0       
S13           f         91.0      5.0       0.0       0.0       1236.0    0.0       
S14           f         7.0       72.0      0.0       0.0       1236.0    0.0       
S15           f         69.0      22.0      0.0       0.0       1236.0    0.0       
S16           f         61.0      61.0      0.0       0.0       1236.0    0.0       
S17           f         84.0      49.0      0.0       0.0       1236.0    0.0       
S18           f         29.0      2.0       0.0       0.0       1236.0    0.0       
S19           f         53.0      19.0      0.0       0.0       1236.0    0.0       
S20           f         83.0      69.0      0.0       0.0       1236.0    0.0       
C0            c         28.0      62.0      10.0      20.0      249.0     90.0      
C1            c         33.0      59.0      10.0      758.0     978.0     90.0      
C2            c         28.0      62.0      20.0      602.0     879.0     90.0      
C3            c         29.0      61.0      20.0      16.0      300.0     90.0      
C4            c         36.0      55.0      10.0      76.0      300.0     90.0      
C5            c         37.0      63.0      10.0      375.0     651.0     90.0      
C6            c         35.0      56.0      10.0      590.0     807.0     90.0      
C7            c         29.0      59.0      10.0      21.0      266.0     90.0      
C8            c         35.0      57.0      20.0      434.0     723.0     90.0      
C9            c         31.0      57.0      30.0      511.0     763.0     90.0      
C10           c         32.0      63.0      20.0      26.0      303.0     90.0      
C11           c         79.0      26.0      20.0      118.0     382.0     90.0      
C12           c         74.0      20.0      20.0      635.0     955.0     90.0      
C13           c         77.0      21.0      20.0      11.0      256.0     90.0      
C14           c         81.0      20.0      10.0      663.0     934.0     90.0      
C15           c         83.0      25.0      10.0      607.0     862.0     90.0      
C16           c         83.0      20.0      10.0      614.0     844.0     90.0      
C17           c         74.0      22.0      50.0      753.0     1034.0    90.0      
C18           c         80.0      20.0      10.0      244.0     478.0     90.0      
C19           c         82.0      21.0      10.0      685.0     967.0     90.0      
C20           c         78.0      26.0      30.0      29.0      293.0     90.0      
C21           c         37.0      34.0      10.0      230.0     530.0     90.0      
C22           c         29.0      30.0      10.0      19.0      277.0     90.0      
C23           c         32.0      31.0      10.0      744.0     1030.0    90.0      
C24           c         29.0      32.0      10.0      428.0     629.0     90.0      
C25           c         28.0      32.0      30.0      858.0     1122.0    90.0      
C26           c         28.0      30.0      10.0      11.0      255.0     90.0      
C27           c         36.0      30.0      10.0      785.0     1039.0    90.0      
C28           c         30.0      36.0      10.0      549.0     865.0     90.0      
C29           c         32.0      31.0      20.0      557.0     785.0     90.0      
C30           c         12.0      15.0      10.0      694.0     966.0     90.0      
C31           c         16.0      13.0      20.0      506.0     798.0     90.0      
C32           c         9.0       12.0      20.0      523.0     761.0     90.0      
C33           c         15.0      18.0      10.0      229.0     466.0     90.0      
C34           c         17.0      22.0      10.0      458.0     752.0     90.0      
C35           c         11.0      16.0      10.0      658.0     860.0     90.0      
C36           c         19.0      13.0      20.0      418.0     696.0     90.0      
C37           c         19.0      21.0      30.0      507.0     820.0     90.0      
C38           c         14.0      18.0      20.0      252.0     510.0     90.0      
C39           c         17.0      20.0      10.0      603.0     917.0     90.0      
C40           c         52.0      73.0      10.0      361.0     617.0     90.0      
C41           c         47.0      65.0      10.0      781.0     1100.0    90.0      
C42           c         55.0      71.0      20.0      811.0     1035.0    90.0      
C43           c         50.0      71.0      20.0      749.0     997.0     90.0      
C44           c         56.0      66.0      30.0      18.0      306.0     90.0      
C45           c         52.0      63.0      10.0      297.0     510.0     90.0      
C46           c         55.0      66.0      40.0      317.0     582.0     90.0      
C47           c         54.0      70.0      20.0      758.0     993.0     90.0      
C48           c         49.0      65.0      40.0      695.0     950.0     90.0      
C49           c         17.0      76.0      10.0      705.0     1015.0    90.0      
C50           c         11.0      77.0      10.0      533.0     812.0     90.0      
C51           c         9.0       81.0      10.0      608.0     851.0     90.0      
C52           c         8.0       82.0      20.0      619.0     904.0     90.0      
C53           c         17.0      84.0      10.0      369.0     569.0     90.0      
C54           c         16.0      81.0      10.0      334.0     564.0     90.0      
C55           c         11.0      79.0      20.0      697.0     932.0     90.0      
C56           c         14.0      80.0      30.0      307.0     543.0     90.0      
C57           c         9.0       81.0      10.0      240.0     546.0     90.0      
C58           c         8.0       77.0      10.0      297.0     538.0     90.0      
C59           c         14.0      79.0      30.0      559.0     875.0     90.0      
C60           c         57.0      37.0      40.0      14.0      261.0     90.0      
C61           c         58.0      33.0      20.0      592.0     804.0     90.0      
C62           c         54.0      31.0      10.0      595.0     837.0     90.0      
C63           c         54.0      34.0      30.0      316.0     589.0     90.0      
C64           c         58.0      32.0      10.0      766.0     982.0     90.0      
C65           c         50.0      39.0      20.0      490.0     735.0     90.0      
C66           c         49.0      38.0      10.0      128.0     371.0     90.0      
C67           c         53.0      38.0      10.0      490.0     735.0     90.0      
C68           c         58.0      38.0      40.0      432.0     659.0     90.0      
C69           c         52.0      35.0      20.0      375.0     636.0     90.0      
C70           c         53.0      38.0      10.0      237.0     485.0     90.0      
C71           c         53.0      36.0      10.0      14.0      281.0     90.0      
C72           c         91.0      73.0      30.0      373.0     619.0     90.0      
C73           c         91.0      73.0      20.0      663.0     904.0     90.0      
C74           c         91.0      73.0      10.0      619.0     927.0     90.0      
C75           c         86.0      67.0      20.0      231.0     495.0     90.0      
C76           c         90.0      68.0      50.0      644.0     907.0     90.0      
C77           c         86.0      68.0      10.0      647.0     933.0     90.0      
C78           c         84.0      70.0      20.0      755.0     1031.0    90.0      
C79           c         89.0      68.0      30.0      412.0     664.0     90.0      
C80           c         90.0      72.0      10.0      248.0     529.0     90.0      
C81           c         91.0      72.0      10.0      333.0     589.0     90.0      
C82           c         91.0      65.0      10.0      232.0     498.0     90.0      
C83           c         64.0      56.0      30.0      496.0     778.0     90.0      
C84           c         62.0      56.0      10.0      746.0     1035.0    90.0      
C85           c         66.0      60.0      40.0      655.0     935.0     90.0      
C86           c         64.0      60.0      10.0      26.0      355.0     90.0      
C87           c         65.0      59.0      40.0      29.0      320.0     90.0      
C88           c         69.0      53.0      10.0      108.0     310.0     90.0      
C89           c         62.0      51.0      30.0      13.0      347.0     90.0      
C90           c         64.0      51.0      10.0      22.0      272.0     90.0      
C91           c         61.0      59.0      10.0      853.0     1043.0    90.0      
C92           c         68.0      87.0      30.0      337.0     586.0     90.0      
C93           c         65.0      86.0      20.0      454.0     747.0     90.0      
C94           c         73.0      88.0      20.0      482.0     742.0     90.0      
C95           c         68.0      89.0      10.0      671.0     922.0     90.0      
C96           c         71.0      94.0      10.0      737.0     1058.0    90.0      
C97           c         71.0      93.0      40.0      337.0     660.0     90.0      
C98           c         73.0      91.0      10.0      221.0     481.0     90.0      
C99           c         73.0      85.0      20.0      709.0     1016.0    90.0      

Q Vehicle fuel tank capacity /67.8/
C Vehicle load capacity /200.0/
r fuel consumption rate /1.0/
g inverse refueling rate /4.0/
v average Velocity /1.0/
