StringID      Type      x         y         demand    ReadyTime DueDate   ServiceTime
D0            d         45.0      50.0      0.0       0.0       1236.0    0.0       
S0            f         45.0      50.0      0.0       0.0       1236.0    0.0       
S1            f         30.0      61.0      0.0       0.0       1236.0    0.0       
S2            f         76.0      35.0      0.0       0.0       1236.0    0.0       
S3            f         11.0      13.0      0.0       0.0       1236.0    0.0       
S4            f         81.0      92.0      0.0       0.0       1236.0    0.0       
S5            f         6.0       83.0      0.0       0.0       1236.0    0.0       
S6            f         71.0      48.0      0.0       0.0       1236.0    0.0       
S7            f         39.0      82.0      0.0       0.0       1236.0    0.0       
S8            f         22.0      45.0      0.0       0.0       1236.0    0.0       
S9            f         69.0      92.0      0.0       0.0       1236.0    0.0       
S10           f         2.0       37.0      0.0       0.0       1236.0    0.0       
S11           f         99.0      93.0      0.0       0.0       1236.0    0.0       
S12           f         12.0      23.0      0.0       0.0       1236.0    0.0       
S13           f         91.0      5.0       0.0       0.0       1236.0    0.0       
S14           f         7.0       72.0      0.0       0.0       1236.0    0.0       
S15           f         69.0      22.0      0.0       0.0       1236.0    0.0       
S16           f         61.0      61.0      0.0       0.0       1236.0    0.0       
S17           f         84.0      49.0      0.0       0.0       1236.0    0.0       
S18           f         29.0      2.0       0.0       0.0       1236.0    0.0       
S19           f         53.0      19.0      0.0       0.0       1236.0    0.0       
S20           f         83.0      69.0      0.0       0.0       1236.0    0.0       
C0            c         28.0      62.0      10.0      519.0     570.0     90.0      
C1            c         33.0      59.0      10.0      446.0     523.0     90.0      
C2            c         28.0      62.0      20.0      12.0      74.0      90.0      
C3            c         29.0      61.0      20.0      439.0     496.0     90.0      
C4            c         36.0      55.0      10.0      830.0     902.0     90.0      
C5            c         37.0      63.0      10.0      108.0     171.0     90.0      
C6            c         35.0      56.0      10.0      900.0     973.0     90.0      
C7            c         29.0      59.0      10.0      333.0     393.0     90.0      
C8            c         35.0      57.0      20.0      606.0     654.0     90.0      
C9            c         31.0      57.0      30.0      301.0     363.0     90.0      
C10           c         32.0      63.0      20.0      412.0     482.0     90.0      
C11           c         79.0      26.0      20.0      257.0     313.0     90.0      
C12           c         74.0      20.0      20.0      356.0     425.0     90.0      
C13           c         77.0      21.0      20.0      978.0     1047.0    90.0      
C14           c         81.0      20.0      10.0      522.0     575.0     90.0      
C15           c         83.0      25.0      10.0      579.0     637.0     90.0      
C16           c         83.0      20.0      10.0      363.0     432.0     90.0      
C17           c         74.0      22.0      50.0      86.0      151.0     90.0      
C18           c         80.0      20.0      10.0      422.0     490.0     90.0      
C19           c         82.0      21.0      10.0      734.0     801.0     90.0      
C20           c         78.0      26.0      30.0      178.0     252.0     90.0      
C21           c         37.0      34.0      10.0      19.0      79.0      90.0      
C22           c         29.0      30.0      10.0      22.0      92.0      90.0      
C23           c         32.0      31.0      10.0      872.0     940.0     90.0      
C24           c         29.0      32.0      10.0      797.0     865.0     90.0      
C25           c         28.0      32.0      30.0      770.0     840.0     90.0      
C26           c         28.0      30.0      10.0      519.0     587.0     90.0      
C27           c         36.0      30.0      10.0      807.0     863.0     90.0      
C28           c         30.0      36.0      10.0      99.0      153.0     90.0      
C29           c         32.0      31.0      20.0      998.0     1068.0    90.0      
C30           c         12.0      15.0      10.0      413.0     475.0     90.0      
C31           c         16.0      13.0      20.0      812.0     879.0     90.0      
C32           c         9.0       12.0      20.0      634.0     692.0     90.0      
C33           c         15.0      18.0      10.0      719.0     790.0     90.0      
C34           c         17.0      22.0      10.0      828.0     898.0     90.0      
C35           c         11.0      16.0      10.0      430.0     492.0     90.0      
C36           c         19.0      13.0      20.0      215.0     284.0     90.0      
C37           c         19.0      21.0      30.0      602.0     667.0     90.0      
C38           c         14.0      18.0      20.0      291.0     341.0     90.0      
C39           c         17.0      20.0      10.0      602.0     666.0     90.0      
C40           c         52.0      73.0      10.0      948.0     1020.0    90.0      
C41           c         47.0      65.0      10.0      768.0     842.0     90.0      
C42           c         55.0      71.0      20.0      15.0      82.0      90.0      
C43           c         50.0      71.0      20.0      564.0     634.0     90.0      
C44           c         56.0      66.0      30.0      380.0     453.0     90.0      
C45           c         52.0      63.0      10.0      666.0     727.0     90.0      
C46           c         55.0      66.0      40.0      622.0     689.0     90.0      
C47           c         54.0      70.0      20.0      704.0     773.0     90.0      
C48           c         49.0      65.0      40.0      599.0     669.0     90.0      
C49           c         17.0      76.0      10.0      678.0     748.0     90.0      
C50           c         11.0      77.0      10.0      450.0     509.0     90.0      
C51           c         9.0       81.0      10.0      275.0     342.0     90.0      
C52           c         8.0       82.0      20.0      785.0     852.0     90.0      
C53           c         17.0      84.0      10.0      552.0     611.0     90.0      
C54           c         16.0      81.0      10.0      306.0     362.0     90.0      
C55           c         11.0      79.0      20.0      847.0     923.0     90.0      
C56           c         14.0      80.0      30.0      657.0     726.0     90.0      
C57           c         9.0       81.0      10.0      279.0     352.0     90.0      
C58           c         8.0       77.0      10.0      379.0     443.0     90.0      
C59           c         14.0      79.0      30.0      254.0     323.0     90.0      
C60           c         57.0      37.0      40.0      14.0      84.0      90.0      
C61           c         58.0      33.0      20.0      169.0     240.0     90.0      
C62           c         54.0      31.0      10.0      901.0     954.0     90.0      
C63           c         54.0      34.0      30.0      595.0     663.0     90.0      
C64           c         58.0      32.0      10.0      848.0     907.0     90.0      
C65           c         50.0      39.0      20.0      868.0     923.0     90.0      
C66           c         49.0      38.0      10.0      317.0     372.0     90.0      
C67           c         53.0      38.0      10.0      314.0     363.0     90.0      
C68           c         58.0      38.0      40.0      22.0      86.0      90.0      
C69           c         52.0      35.0      20.0      459.0     523.0     90.0      
C70           c         53.0      38.0      10.0      24.0      96.0      90.0      
C71           c         53.0      36.0      10.0      20.0      80.0      90.0      
C72           c         91.0      73.0      30.0      510.0     582.0     90.0      
C73           c         91.0      73.0      20.0      469.0     537.0     90.0      
C74           c         91.0      73.0      10.0      750.0     825.0     90.0      
C75           c         86.0      67.0      20.0      742.0     818.0     90.0      
C76           c         90.0      68.0      50.0      298.0     364.0     90.0      
C77           c         86.0      68.0      10.0      711.0     772.0     90.0      
C78           c         84.0      70.0      20.0      181.0     248.0     90.0      
C79           c         89.0      68.0      30.0      654.0     722.0     90.0      
C80           c         90.0      72.0      10.0      204.0     269.0     90.0      
C81           c         91.0      72.0      10.0      557.0     610.0     90.0      
C82           c         91.0      65.0      10.0      481.0     554.0     90.0      
C83           c         64.0      56.0      30.0      477.0     534.0     90.0      
C84           c         62.0      56.0      10.0      688.0     763.0     90.0      
C85           c         66.0      60.0      40.0      23.0      82.0      90.0      
C86           c         64.0      60.0      10.0      329.0     386.0     90.0      
C87           c         65.0      59.0      40.0      146.0     204.0     90.0      
C88           c         69.0      53.0      10.0      22.0      95.0      90.0      
C89           c         62.0      51.0      30.0      850.0     911.0     90.0      
C90           c         64.0      51.0      10.0      499.0     570.0     90.0      
C91           c         61.0      59.0      10.0      484.0     551.0     90.0      
C92           c         68.0      87.0      30.0      255.0     326.0     90.0      
C93           c         65.0      86.0      20.0      314.0     369.0     90.0      
C94           c         73.0      88.0      20.0      829.0     889.0     90.0      
C95           c         68.0      89.0      10.0      199.0     259.0     90.0      
C96           c         71.0      94.0      10.0      848.0     907.0     90.0      
C97           c         71.0      93.0      40.0      307.0     373.0     90.0      
C98           c         73.0      91.0      10.0      276.0     337.0     90.0      
C99           c         73.0      85.0      20.0      258.0     320.0     90.0      

Q Vehicle fuel tank capacity /67.8/
C Vehicle load capacity /200.0/
r fuel consumption rate /1.0/
g inverse refueling rate /4.0/
v average Velocity /1.0/
