StringID      Type      x         y         demand    ReadyTime DueDate   ServiceTime
D0            d         45.0      50.0      0.0       0.0       1236.0    0.0       
S0            f         45.0      50.0      0.0       0.0       1236.0    0.0       
S1            f         30.0      61.0      0.0       0.0       1236.0    0.0       
S2            f         76.0      35.0      0.0       0.0       1236.0    0.0       
S3            f         11.0      13.0      0.0       0.0       1236.0    0.0       
S4            f         81.0      92.0      0.0       0.0       1236.0    0.0       
S5            f         6.0       83.0      0.0       0.0       1236.0    0.0       
S6            f         71.0      48.0      0.0       0.0       1236.0    0.0       
S7            f         39.0      82.0      0.0       0.0       1236.0    0.0       
S8            f         22.0      45.0      0.0       0.0       1236.0    0.0       
S9            f         69.0      92.0      0.0       0.0       1236.0    0.0       
S10           f         2.0       37.0      0.0       0.0       1236.0    0.0       
S11           f         99.0      93.0      0.0       0.0       1236.0    0.0       
S12           f         12.0      23.0      0.0       0.0       1236.0    0.0       
S13           f         91.0      5.0       0.0       0.0       1236.0    0.0       
S14           f         7.0       72.0      0.0       0.0       1236.0    0.0       
S15           f         69.0      22.0      0.0       0.0       1236.0    0.0       
S16           f         61.0      61.0      0.0       0.0       1236.0    0.0       
S17           f         84.0      49.0      0.0       0.0       1236.0    0.0       
S18           f         29.0      2.0       0.0       0.0       1236.0    0.0       
S19           f         53.0      19.0      0.0       0.0       1236.0    0.0       
S20           f         83.0      69.0      0.0       0.0       1236.0    0.0       
C0            c         28.0      62.0      10.0      736.0     875.0     90.0      
C1            c         33.0      59.0      10.0      968.0     1085.0    90.0      
C2            c         28.0      62.0      20.0      23.0      159.0     90.0      
C3            c         29.0      61.0      20.0      15.0      172.0     90.0      
C4            c         36.0      55.0      10.0      265.0     366.0     90.0      
C5            c         37.0      63.0      10.0      239.0     382.0     90.0      
C6            c         35.0      56.0      10.0      10.0      138.0     90.0      
C7            c         29.0      59.0      10.0      584.0     746.0     90.0      
C8            c         35.0      57.0      20.0      17.0      159.0     90.0      
C9            c         31.0      57.0      30.0      952.0     1084.0    90.0      
C10           c         32.0      63.0      20.0      649.0     807.0     90.0      
C11           c         79.0      26.0      20.0      408.0     536.0     90.0      
C12           c         74.0      20.0      20.0      800.0     913.0     90.0      
C13           c         77.0      21.0      20.0      887.0     1016.0    90.0      
C14           c         81.0      20.0      10.0      747.0     881.0     90.0      
C15           c         83.0      25.0      10.0      247.0     376.0     90.0      
C16           c         83.0      20.0      10.0      753.0     888.0     90.0      
C17           c         74.0      22.0      50.0      14.0      137.0     90.0      
C18           c         80.0      20.0      10.0      603.0     717.0     90.0      
C19           c         82.0      21.0      10.0      510.0     624.0     90.0      
C20           c         78.0      26.0      30.0      17.0      158.0     90.0      
C21           c         37.0      34.0      10.0      778.0     898.0     90.0      
C22           c         29.0      30.0      10.0      446.0     571.0     90.0      
C23           c         32.0      31.0      10.0      975.0     1118.0    90.0      
C24           c         29.0      32.0      10.0      278.0     393.0     90.0      
C25           c         28.0      32.0      30.0      14.0      135.0     90.0      
C26           c         28.0      30.0      10.0      741.0     877.0     90.0      
C27           c         36.0      30.0      10.0      69.0      183.0     90.0      
C28           c         30.0      36.0      10.0      865.0     998.0     90.0      
C29           c         32.0      31.0      20.0      520.0     678.0     90.0      
C30           c         12.0      15.0      10.0      651.0     808.0     90.0      
C31           c         16.0      13.0      20.0      490.0     600.0     90.0      
C32           c         9.0       12.0      20.0      729.0     862.0     90.0      
C33           c         15.0      18.0      10.0      822.0     960.0     90.0      
C34           c         17.0      22.0      10.0      189.0     305.0     90.0      
C35           c         11.0      16.0      10.0      429.0     571.0     90.0      
C36           c         19.0      13.0      20.0      694.0     818.0     90.0      
C37           c         19.0      21.0      30.0      174.0     311.0     90.0      
C38           c         14.0      18.0      20.0      565.0     672.0     90.0      
C39           c         17.0      20.0      10.0      561.0     710.0     90.0      
C40           c         52.0      73.0      10.0      108.0     243.0     90.0      
C41           c         47.0      65.0      10.0      399.0     505.0     90.0      
C42           c         55.0      71.0      20.0      639.0     775.0     90.0      
C43           c         50.0      71.0      20.0      10.0      148.0     90.0      
C44           c         56.0      66.0      30.0      300.0     409.0     90.0      
C45           c         52.0      63.0      10.0      834.0     962.0     90.0      
C46           c         55.0      66.0      40.0      273.0     401.0     90.0      
C47           c         54.0      70.0      20.0      648.0     763.0     90.0      
C48           c         49.0      65.0      40.0      960.0     1084.0    90.0      
C49           c         17.0      76.0      10.0      628.0     764.0     90.0      
C50           c         11.0      77.0      10.0      622.0     771.0     90.0      
C51           c         9.0       81.0      10.0      648.0     790.0     90.0      
C52           c         8.0       82.0      20.0      534.0     653.0     90.0      
C53           c         17.0      84.0      10.0      410.0     519.0     90.0      
C54           c         16.0      81.0      10.0      591.0     726.0     90.0      
C55           c         11.0      79.0      20.0      188.0     331.0     90.0      
C56           c         14.0      80.0      30.0      368.0     510.0     90.0      
C57           c         9.0       81.0      10.0      542.0     669.0     90.0      
C58           c         8.0       77.0      10.0      366.0     524.0     90.0      
C59           c         14.0      79.0      30.0      173.0     292.0     90.0      
C60           c         57.0      37.0      40.0      456.0     569.0     90.0      
C61           c         58.0      33.0      20.0      24.0      150.0     90.0      
C62           c         54.0      31.0      10.0      381.0     509.0     90.0      
C63           c         54.0      34.0      30.0      813.0     916.0     90.0      
C64           c         58.0      32.0      10.0      16.0      148.0     90.0      
C65           c         50.0      39.0      20.0      13.0      160.0     90.0      
C66           c         49.0      38.0      10.0      113.0     261.0     90.0      
C67           c         53.0      38.0      10.0      46.0      173.0     90.0      
C68           c         58.0      38.0      40.0      117.0     260.0     90.0      
C69           c         52.0      35.0      20.0      17.0      164.0     90.0      
C70           c         53.0      38.0      10.0      764.0     881.0     90.0      
C71           c         53.0      36.0      10.0      16.0      158.0     90.0      
C72           c         91.0      73.0      30.0      838.0     958.0     90.0      
C73           c         91.0      73.0      20.0      462.0     613.0     90.0      
C74           c         91.0      73.0      10.0      625.0     753.0     90.0      
C75           c         86.0      67.0      20.0      487.0     616.0     90.0      
C76           c         90.0      68.0      50.0      497.0     627.0     90.0      
C77           c         86.0      68.0      10.0      669.0     785.0     90.0      
C78           c         84.0      70.0      20.0      550.0     670.0     90.0      
C79           c         89.0      68.0      30.0      553.0     687.0     90.0      
C80           c         90.0      72.0      10.0      240.0     354.0     90.0      
C81           c         91.0      72.0      10.0      831.0     962.0     90.0      
C82           c         91.0      65.0      10.0      277.0     403.0     90.0      
C83           c         64.0      56.0      30.0      967.0     1110.0    90.0      
C84           c         62.0      56.0      10.0      110.0     259.0     90.0      
C85           c         66.0      60.0      40.0      17.0      166.0     90.0      
C86           c         64.0      60.0      10.0      62.0      174.0     90.0      
C87           c         65.0      59.0      40.0      637.0     772.0     90.0      
C88           c         69.0      53.0      10.0      17.0      158.0     90.0      
C89           c         62.0      51.0      30.0      730.0     855.0     90.0      
C90           c         64.0      51.0      10.0      402.0     526.0     90.0      
C91           c         61.0      59.0      10.0      552.0     702.0     90.0      
C92           c         68.0      87.0      30.0      504.0     642.0     90.0      
C93           c         65.0      86.0      20.0      166.0     304.0     90.0      
C94           c         73.0      88.0      20.0      402.0     527.0     90.0      
C95           c         68.0      89.0      10.0      311.0     431.0     90.0      
C96           c         71.0      94.0      10.0      293.0     402.0     90.0      
C97           c         71.0      93.0      40.0      567.0     694.0     90.0      
C98           c         73.0      91.0      10.0      253.0     383.0     90.0      
C99           c         73.0      85.0      20.0      220.0     321.0     90.0      

Q Vehicle fuel tank capacity /67.8/
C Vehicle load capacity /200.0/
r fuel consumption rate /1.0/
g inverse refueling rate /4.0/
v average Velocity /1.0/
