StringID      Type      x         y         demand    ReadyTime DueDate   ServiceTime
D0            d         45.0      50.0      0.0       0.0       1236.0    0.0       
S0            f         45.0      50.0      0.0       0.0       1236.0    0.0       
S1            f         30.0      61.0      0.0       0.0       1236.0    0.0       
S2            f         76.0      35.0      0.0       0.0       1236.0    0.0       
S3            f         11.0      13.0      0.0       0.0       1236.0    0.0       
S4            f         81.0      92.0      0.0       0.0       1236.0    0.0       
S5            f         6.0       83.0      0.0       0.0       1236.0    0.0       
S6            f         71.0      48.0      0.0       0.0       1236.0    0.0       
S7            f         39.0      82.0      0.0       0.0       1236.0    0.0       
S8            f         22.0      45.0      0.0       0.0       1236.0    0.0       
S9            f         69.0      92.0      0.0       0.0       1236.0    0.0       
S10           f         2.0       37.0      0.0       0.0       1236.0    0.0       
S11           f         99.0      93.0      0.0       0.0       1236.0    0.0       
S12           f         12.0      23.0      0.0       0.0       1236.0    0.0       
S13           f         91.0      5.0       0.0       0.0       1236.0    0.0       
S14           f         7.0       72.0      0.0       0.0       1236.0    0.0       
S15           f         69.0      22.0      0.0       0.0       1236.0    0.0       
S16           f         61.0      61.0      0.0       0.0       1236.0    0.0       
S17           f         84.0      49.0      0.0       0.0       1236.0    0.0       
S18           f         29.0      2.0       0.0       0.0       1236.0    0.0       
S19           f         53.0      19.0      0.0       0.0       1236.0    0.0       
S20           f         83.0      69.0      0.0       0.0       1236.0    0.0       
C0            c         28.0      62.0      10.0      381.0     439.0     90.0      
C1            c         33.0      59.0      10.0      14.0      85.0      90.0      
C2            c         28.0      62.0      20.0      213.0     279.0     90.0      
C3            c         29.0      61.0      20.0      347.0     417.0     90.0      
C4            c         36.0      55.0      10.0      748.0     823.0     90.0      
C5            c         37.0      63.0      10.0      507.0     573.0     90.0      
C6            c         35.0      56.0      10.0      906.0     974.0     90.0      
C7            c         29.0      59.0      10.0      503.0     576.0     90.0      
C8            c         35.0      57.0      20.0      840.0     917.0     90.0      
C9            c         31.0      57.0      30.0      12.0      79.0      90.0      
C10           c         32.0      63.0      20.0      125.0     189.0     90.0      
C11           c         79.0      26.0      20.0      942.0     1006.0    90.0      
C12           c         74.0      20.0      20.0      559.0     625.0     90.0      
C13           c         77.0      21.0      20.0      832.0     888.0     90.0      
C14           c         81.0      20.0      10.0      299.0     358.0     90.0      
C15           c         83.0      25.0      10.0      380.0     450.0     90.0      
C16           c         83.0      20.0      10.0      552.0     615.0     90.0      
C17           c         74.0      22.0      50.0      290.0     348.0     90.0      
C18           c         80.0      20.0      10.0      715.0     770.0     90.0      
C19           c         82.0      21.0      10.0      620.0     694.0     90.0      
C20           c         78.0      26.0      30.0      325.0     390.0     90.0      
C21           c         37.0      34.0      10.0      202.0     265.0     90.0      
C22           c         29.0      30.0      10.0      503.0     573.0     90.0      
C23           c         32.0      31.0      10.0      575.0     643.0     90.0      
C24           c         29.0      32.0      10.0      21.0      82.0      90.0      
C25           c         28.0      32.0      30.0      451.0     523.0     90.0      
C26           c         28.0      30.0      10.0      716.0     775.0     90.0      
C27           c         36.0      30.0      10.0      256.0     333.0     90.0      
C28           c         30.0      36.0      10.0      126.0     193.0     90.0      
C29           c         32.0      31.0      20.0      369.0     445.0     90.0      
C30           c         12.0      15.0      10.0      646.0     705.0     90.0      
C31           c         16.0      13.0      20.0      267.0     321.0     90.0      
C32           c         9.0       12.0      20.0      628.0     687.0     90.0      
C33           c         15.0      18.0      10.0      721.0     790.0     90.0      
C34           c         17.0      22.0      10.0      572.0     638.0     90.0      
C35           c         11.0      16.0      10.0      626.0     700.0     90.0      
C36           c         19.0      13.0      20.0      675.0     742.0     90.0      
C37           c         19.0      21.0      30.0      403.0     474.0     90.0      
C38           c         14.0      18.0      20.0      180.0     238.0     90.0      
C39           c         17.0      20.0      10.0      442.0     511.0     90.0      
C40           c         52.0      73.0      10.0      751.0     817.0     90.0      
C41           c         47.0      65.0      10.0      14.0      73.0      90.0      
C42           c         55.0      71.0      20.0      412.0     474.0     90.0      
C43           c         50.0      71.0      20.0      925.0     990.0     90.0      
C44           c         56.0      66.0      30.0      584.0     648.0     90.0      
C45           c         52.0      63.0      10.0      22.0      84.0      90.0      
C46           c         55.0      66.0      40.0      940.0     1017.0    90.0      
C47           c         54.0      70.0      20.0      12.0      81.0      90.0      
C48           c         49.0      65.0      40.0      21.0      91.0      90.0      
C49           c         17.0      76.0      10.0      850.0     906.0     90.0      
C50           c         11.0      77.0      10.0      567.0     630.0     90.0      
C51           c         9.0       81.0      10.0      660.0     713.0     90.0      
C52           c         8.0       82.0      20.0      830.0     895.0     90.0      
C53           c         17.0      84.0      10.0      343.0     409.0     90.0      
C54           c         16.0      81.0      10.0      828.0     888.0     90.0      
C55           c         11.0      79.0      20.0      266.0     334.0     90.0      
C56           c         14.0      80.0      30.0      829.0     895.0     90.0      
C57           c         9.0       81.0      10.0      214.0     265.0     90.0      
C58           c         8.0       77.0      10.0      370.0     419.0     90.0      
C59           c         14.0      79.0      30.0      614.0     684.0     90.0      
C60           c         57.0      37.0      40.0      568.0     627.0     90.0      
C61           c         58.0      33.0      20.0      18.0      99.0      90.0      
C62           c         54.0      31.0      10.0      183.0     248.0     90.0      
C63           c         54.0      34.0      30.0      141.0     204.0     90.0      
C64           c         58.0      32.0      10.0      17.0      72.0      90.0      
C65           c         50.0      39.0      20.0      756.0     818.0     90.0      
C66           c         49.0      38.0      10.0      308.0     372.0     90.0      
C67           c         53.0      38.0      10.0      237.0     315.0     90.0      
C68           c         58.0      38.0      40.0      676.0     732.0     90.0      
C69           c         52.0      35.0      20.0      259.0     333.0     90.0      
C70           c         53.0      38.0      10.0      966.0     1024.0    90.0      
C71           c         53.0      36.0      10.0      392.0     448.0     90.0      
C72           c         91.0      73.0      30.0      328.0     392.0     90.0      
C73           c         91.0      73.0      20.0      516.0     579.0     90.0      
C74           c         91.0      73.0      10.0      189.0     255.0     90.0      
C75           c         86.0      67.0      20.0      627.0     686.0     90.0      
C76           c         90.0      68.0      50.0      257.0     334.0     90.0      
C77           c         86.0      68.0      10.0      407.0     463.0     90.0      
C78           c         84.0      70.0      20.0      779.0     846.0     90.0      
C79           c         89.0      68.0      30.0      611.0     672.0     90.0      
C80           c         90.0      72.0      10.0      256.0     323.0     90.0      
C81           c         91.0      72.0      10.0      380.0     452.0     90.0      
C82           c         91.0      65.0      10.0      493.0     551.0     90.0      
C83           c         64.0      56.0      30.0      271.0     330.0     90.0      
C84           c         62.0      56.0      10.0      10.0      72.0      90.0      
C85           c         66.0      60.0      40.0      127.0     181.0     90.0      
C86           c         64.0      60.0      10.0      576.0     650.0     90.0      
C87           c         65.0      59.0      40.0      517.0     587.0     90.0      
C88           c         69.0      53.0      10.0      457.0     518.0     90.0      
C89           c         62.0      51.0      30.0      29.0      95.0      90.0      
C90           c         64.0      51.0      10.0      77.0      148.0     90.0      
C91           c         61.0      59.0      10.0      758.0     836.0     90.0      
C92           c         68.0      87.0      30.0      444.0     505.0     90.0      
C93           c         65.0      86.0      20.0      192.0     263.0     90.0      
C94           c         73.0      88.0      20.0      457.0     527.0     90.0      
C95           c         68.0      89.0      10.0      553.0     623.0     90.0      
C96           c         71.0      94.0      10.0      503.0     569.0     90.0      
C97           c         71.0      93.0      40.0      348.0     407.0     90.0      
C98           c         73.0      91.0      10.0      502.0     570.0     90.0      
C99           c         73.0      85.0      20.0      201.0     260.0     90.0      

Q Vehicle fuel tank capacity /67.8/
C Vehicle load capacity /200.0/
r fuel consumption rate /1.0/
g inverse refueling rate /4.0/
v average Velocity /1.0/
