StringID      Type      x         y         demand    ReadyTime DueDate   ServiceTime
D0            d         45.0      50.0      0.0       0.0       1236.0    0.0       
S0            f         45.0      50.0      0.0       0.0       1236.0    0.0       
S1            f         30.0      61.0      0.0       0.0       1236.0    0.0       
S2            f         76.0      35.0      0.0       0.0       1236.0    0.0       
S3            f         11.0      13.0      0.0       0.0       1236.0    0.0       
S4            f         81.0      92.0      0.0       0.0       1236.0    0.0       
S5            f         6.0       83.0      0.0       0.0       1236.0    0.0       
S6            f         71.0      48.0      0.0       0.0       1236.0    0.0       
S7            f         39.0      82.0      0.0       0.0       1236.0    0.0       
S8            f         22.0      45.0      0.0       0.0       1236.0    0.0       
S9            f         69.0      92.0      0.0       0.0       1236.0    0.0       
S10           f         2.0       37.0      0.0       0.0       1236.0    0.0       
S11           f         99.0      93.0      0.0       0.0       1236.0    0.0       
S12           f         12.0      23.0      0.0       0.0       1236.0    0.0       
S13           f         91.0      5.0       0.0       0.0       1236.0    0.0       
S14           f         7.0       72.0      0.0       0.0       1236.0    0.0       
S15           f         69.0      22.0      0.0       0.0       1236.0    0.0       
S16           f         61.0      61.0      0.0       0.0       1236.0    0.0       
S17           f         84.0      49.0      0.0       0.0       1236.0    0.0       
S18           f         29.0      2.0       0.0       0.0       1236.0    0.0       
S19           f         53.0      19.0      0.0       0.0       1236.0    0.0       
S20           f         83.0      69.0      0.0       0.0       1236.0    0.0       
C0            c         28.0      62.0      10.0      29.0      167.0     90.0      
C1            c         33.0      59.0      10.0      845.0     1004.0    90.0      
C2            c         28.0      62.0      20.0      572.0     740.0     90.0      
C3            c         29.0      61.0      20.0      271.0     405.0     90.0      
C4            c         36.0      55.0      10.0      614.0     747.0     90.0      
C5            c         37.0      63.0      10.0      178.0     305.0     90.0      
C6            c         35.0      56.0      10.0      18.0      133.0     90.0      
C7            c         29.0      59.0      10.0      348.0     468.0     90.0      
C8            c         35.0      57.0      20.0      580.0     703.0     90.0      
C9            c         31.0      57.0      30.0      298.0     454.0     90.0      
C10           c         32.0      63.0      20.0      333.0     493.0     90.0      
C11           c         79.0      26.0      20.0      19.0      180.0     90.0      
C12           c         74.0      20.0      20.0      725.0     840.0     90.0      
C13           c         77.0      21.0      20.0      23.0      167.0     90.0      
C14           c         81.0      20.0      10.0      575.0     705.0     90.0      
C15           c         83.0      25.0      10.0      842.0     970.0     90.0      
C16           c         83.0      20.0      10.0      309.0     452.0     90.0      
C17           c         74.0      22.0      50.0      149.0     272.0     90.0      
C18           c         80.0      20.0      10.0      508.0     646.0     90.0      
C19           c         82.0      21.0      10.0      780.0     914.0     90.0      
C20           c         78.0      26.0      30.0      568.0     679.0     90.0      
C21           c         37.0      34.0      10.0      999.0     1122.0    90.0      
C22           c         29.0      30.0      10.0      20.0      137.0     90.0      
C23           c         32.0      31.0      10.0      19.0      150.0     90.0      
C24           c         29.0      32.0      10.0      591.0     733.0     90.0      
C25           c         28.0      32.0      30.0      285.0     410.0     90.0      
C26           c         28.0      30.0      10.0      838.0     969.0     90.0      
C27           c         36.0      30.0      10.0      15.0      123.0     90.0      
C28           c         30.0      36.0      10.0      218.0     345.0     90.0      
C29           c         32.0      31.0      20.0      15.0      142.0     90.0      
C30           c         12.0      15.0      10.0      182.0     317.0     90.0      
C31           c         16.0      13.0      20.0      160.0     281.0     90.0      
C32           c         9.0       12.0      20.0      703.0     841.0     90.0      
C33           c         15.0      18.0      10.0      601.0     706.0     90.0      
C34           c         17.0      22.0      10.0      782.0     904.0     90.0      
C35           c         11.0      16.0      10.0      500.0     649.0     90.0      
C36           c         19.0      13.0      20.0      367.0     513.0     90.0      
C37           c         19.0      21.0      30.0      653.0     809.0     90.0      
C38           c         14.0      18.0      20.0      320.0     440.0     90.0      
C39           c         17.0      20.0      10.0      672.0     814.0     90.0      
C40           c         52.0      73.0      10.0      203.0     332.0     90.0      
C41           c         47.0      65.0      10.0      877.0     996.0     90.0      
C42           c         55.0      71.0      20.0      825.0     964.0     90.0      
C43           c         50.0      71.0      20.0      722.0     847.0     90.0      
C44           c         56.0      66.0      30.0      460.0     606.0     90.0      
C45           c         52.0      63.0      10.0      850.0     988.0     90.0      
C46           c         55.0      66.0      40.0      20.0      155.0     90.0      
C47           c         54.0      70.0      20.0      956.0     1109.0    90.0      
C48           c         49.0      65.0      40.0      23.0      145.0     90.0      
C49           c         17.0      76.0      10.0      588.0     721.0     90.0      
C50           c         11.0      77.0      10.0      430.0     559.0     90.0      
C51           c         9.0       81.0      10.0      811.0     934.0     90.0      
C52           c         8.0       82.0      20.0      585.0     712.0     90.0      
C53           c         17.0      84.0      10.0      763.0     893.0     90.0      
C54           c         16.0      81.0      10.0      173.0     301.0     90.0      
C55           c         11.0      79.0      20.0      458.0     605.0     90.0      
C56           c         14.0      80.0      30.0      516.0     632.0     90.0      
C57           c         9.0       81.0      10.0      507.0     617.0     90.0      
C58           c         8.0       77.0      10.0      439.0     549.0     90.0      
C59           c         14.0      79.0      30.0      778.0     906.0     90.0      
C60           c         57.0      37.0      40.0      746.0     871.0     90.0      
C61           c         58.0      33.0      20.0      22.0      138.0     90.0      
C62           c         54.0      31.0      10.0      197.0     317.0     90.0      
C63           c         54.0      34.0      30.0      19.0      158.0     90.0      
C64           c         58.0      32.0      10.0      743.0     896.0     90.0      
C65           c         50.0      39.0      20.0      21.0      151.0     90.0      
C66           c         49.0      38.0      10.0      23.0      134.0     90.0      
C67           c         53.0      38.0      10.0      922.0     1039.0    90.0      
C68           c         58.0      38.0      40.0      21.0      153.0     90.0      
C69           c         52.0      35.0      20.0      626.0     758.0     90.0      
C70           c         53.0      38.0      10.0      985.0     1118.0    90.0      
C71           c         53.0      36.0      10.0      643.0     756.0     90.0      
C72           c         91.0      73.0      30.0      347.0     485.0     90.0      
C73           c         91.0      73.0      20.0      766.0     897.0     90.0      
C74           c         91.0      73.0      10.0      629.0     757.0     90.0      
C75           c         86.0      67.0      20.0      411.0     544.0     90.0      
C76           c         90.0      68.0      50.0      805.0     934.0     90.0      
C77           c         86.0      68.0      10.0      383.0     523.0     90.0      
C78           c         84.0      70.0      20.0      530.0     685.0     90.0      
C79           c         89.0      68.0      30.0      162.0     318.0     90.0      
C80           c         90.0      72.0      10.0      358.0     518.0     90.0      
C81           c         91.0      72.0      10.0      406.0     544.0     90.0      
C82           c         91.0      65.0      10.0      721.0     843.0     90.0      
C83           c         64.0      56.0      30.0      856.0     990.0     90.0      
C84           c         62.0      56.0      10.0      52.0      174.0     90.0      
C85           c         66.0      60.0      40.0      645.0     769.0     90.0      
C86           c         64.0      60.0      10.0      882.0     983.0     90.0      
C87           c         65.0      59.0      40.0      856.0     1001.0    90.0      
C88           c         69.0      53.0      10.0      652.0     773.0     90.0      
C89           c         62.0      51.0      30.0      551.0     697.0     90.0      
C90           c         64.0      51.0      10.0      10.0      131.0     90.0      
C91           c         61.0      59.0      10.0      510.0     666.0     90.0      
C92           c         68.0      87.0      30.0      389.0     532.0     90.0      
C93           c         65.0      86.0      20.0      508.0     648.0     90.0      
C94           c         73.0      88.0      20.0      401.0     528.0     90.0      
C95           c         68.0      89.0      10.0      608.0     746.0     90.0      
C96           c         71.0      94.0      10.0      371.0     530.0     90.0      
C97           c         71.0      93.0      40.0      207.0     338.0     90.0      
C98           c         73.0      91.0      10.0      262.0     376.0     90.0      
C99           c         73.0      85.0      20.0      631.0     766.0     90.0      

Q Vehicle fuel tank capacity /67.8/
C Vehicle load capacity /200.0/
r fuel consumption rate /1.0/
g inverse refueling rate /4.0/
v average Velocity /1.0/
