StringID      Type      x         y         demand    ReadyTime DueDate   ServiceTime
D0            d         45.0      50.0      0.0       0.0       1000.0    0.0       
S0            f         45.0      50.0      0.0       0.0       1000.0    0.0       
S1            f         30.0      61.0      0.0       0.0       1000.0    0.0       
S2            f         76.0      35.0      0.0       0.0       1000.0    0.0       
S3            f         11.0      13.0      0.0       0.0       1000.0    0.0       
S4            f         81.0      92.0      0.0       0.0       1000.0    0.0       
S5            f         6.0       83.0      0.0       0.0       1000.0    0.0       
S6            f         71.0      48.0      0.0       0.0       1000.0    0.0       
S7            f         39.0      82.0      0.0       0.0       1000.0    0.0       
S8            f         22.0      45.0      0.0       0.0       1000.0    0.0       
S9            f         69.0      92.0      0.0       0.0       1000.0    0.0       
S10           f         2.0       37.0      0.0       0.0       1000.0    0.0       
S11           f         99.0      93.0      0.0       0.0       1000.0    0.0       
S12           f         12.0      23.0      0.0       0.0       1000.0    0.0       
S13           f         91.0      5.0       0.0       0.0       1000.0    0.0       
S14           f         7.0       72.0      0.0       0.0       1000.0    0.0       
S15           f         69.0      22.0      0.0       0.0       1000.0    0.0       
S16           f         61.0      61.0      0.0       0.0       1000.0    0.0       
S17           f         84.0      49.0      0.0       0.0       1000.0    0.0       
S18           f         29.0      2.0       0.0       0.0       1000.0    0.0       
S19           f         53.0      19.0      0.0       0.0       1000.0    0.0       
S20           f         83.0      69.0      0.0       0.0       1000.0    0.0       
C0            c         74.0      20.0      20.0      66.0      306.0     10.0      
C1            c         77.0      21.0      20.0      396.0     636.0     10.0      
C2            c         81.0      20.0      10.0      11.0      251.0     10.0      
C3            c         83.0      25.0      10.0      237.0     477.0     10.0      
C4            c         83.0      20.0      10.0      589.0     829.0     10.0      
C5            c         74.0      22.0      50.0      110.0     350.0     10.0      
C6            c         80.0      20.0      10.0      286.0     526.0     10.0      
C7            c         82.0      21.0      10.0      25.0      265.0     10.0      
C8            c         78.0      26.0      30.0      18.0      258.0     10.0      
C9            c         37.0      34.0      10.0      339.0     579.0     10.0      
C10           c         11.0      77.0      10.0      577.0     817.0     10.0      
C11           c         9.0       81.0      10.0      693.0     933.0     10.0      
C12           c         8.0       82.0      20.0      492.0     732.0     10.0      
C13           c         17.0      84.0      10.0      356.0     596.0     10.0      
C14           c         16.0      81.0      10.0      41.0      281.0     10.0      
C15           c         11.0      79.0      20.0      556.0     796.0     10.0      
C16           c         14.0      80.0      30.0      692.0     932.0     10.0      
C17           c         9.0       81.0      10.0      670.0     910.0     10.0      
C18           c         8.0       77.0      10.0      461.0     701.0     10.0      
C19           c         14.0      79.0      30.0      632.0     872.0     10.0      
C20           c         57.0      37.0      40.0      166.0     406.0     10.0      
C21           c         16.0      13.0      20.0      501.0     741.0     10.0      
C22           c         9.0       12.0      20.0      684.0     924.0     10.0      
C23           c         15.0      18.0      10.0      467.0     707.0     10.0      
C24           c         17.0      22.0      10.0      561.0     801.0     10.0      
C25           c         11.0      16.0      10.0      93.0      333.0     10.0      
C26           c         19.0      13.0      20.0      154.0     394.0     10.0      
C27           c         19.0      21.0      30.0      625.0     865.0     10.0      
C28           c         14.0      18.0      20.0      43.0      283.0     10.0      
C29           c         17.0      20.0      10.0      385.0     625.0     10.0      
C30           c         52.0      73.0      10.0      668.0     908.0     10.0      
C31           c         65.0      86.0      20.0      51.0      291.0     10.0      
C32           c         73.0      88.0      20.0      665.0     905.0     10.0      
C33           c         68.0      89.0      10.0      560.0     800.0     10.0      
C34           c         71.0      94.0      10.0      562.0     802.0     10.0      
C35           c         71.0      93.0      40.0      279.0     519.0     10.0      
C36           c         73.0      91.0      10.0      323.0     563.0     10.0      
C37           c         73.0      85.0      20.0      251.0     491.0     10.0      
C38           c         91.0      73.0      20.0      23.0      263.0     10.0      
C39           c         91.0      73.0      10.0      301.0     541.0     10.0      
C40           c         86.0      67.0      20.0      104.0     344.0     10.0      
C41           c         90.0      68.0      50.0      662.0     902.0     10.0      
C42           c         86.0      68.0      10.0      373.0     613.0     10.0      
C43           c         84.0      70.0      20.0      63.0      303.0     10.0      
C44           c         89.0      68.0      30.0      42.0      282.0     10.0      
C45           c         90.0      72.0      10.0      48.0      288.0     10.0      
C46           c         91.0      72.0      10.0      693.0     933.0     10.0      
C47           c         91.0      65.0      10.0      50.0      290.0     10.0      
C48           c         64.0      56.0      30.0      40.0      280.0     10.0      
C49           c         48.0      10.0      7.0       433.0     673.0     10.0      
C50           c         12.0      50.0      6.0       178.0     418.0     10.0      
C51           c         39.0      1.0       8.0       679.0     919.0     10.0      
C52           c         2.0       51.0      17.0      34.0      274.0     10.0      
C53           c         67.0      4.0       15.0      365.0     605.0     10.0      
C54           c         46.0      15.0      13.0      660.0     900.0     10.0      
C55           c         43.0      4.0       18.0      52.0      292.0     10.0      
C56           c         1.0       45.0      17.0      558.0     798.0     10.0      
C57           c         6.0       49.0      14.0      212.0     452.0     10.0      
C58           c         34.0      10.0      15.0      662.0     902.0     10.0      
C59           c         61.0      8.0       15.0      700.0     940.0     10.0      
C60           c         44.0      2.0       14.0      31.0      271.0     10.0      
C61           c         5.0       58.0      11.0      679.0     919.0     10.0      
C62           c         33.0      9.0       9.0       698.0     938.0     10.0      
C63           c         0.0       0.0       11.0      504.0     744.0     10.0      
C64           c         53.0      9.0       27.0      481.0     721.0     10.0      
C65           c         53.0      3.0       9.0       28.0      268.0     10.0      
C66           c         37.0      15.0      2.0       654.0     894.0     10.0      
C67           c         9.0       32.0      22.0      208.0     448.0     10.0      
C68           c         41.0      21.0      12.0      68.0      308.0     10.0      
C69           c         9.0       32.0      19.0      89.0      329.0     10.0      
C70           c         20.0      3.0       8.0       685.0     925.0     10.0      
C71           c         18.0      1.0       4.0       500.0     740.0     10.0      
C72           c         57.0      18.0      5.0       549.0     789.0     10.0      
C73           c         18.0      41.0      12.0      592.0     832.0     10.0      
C74           c         6.0       4.0       5.0       470.0     710.0     10.0      
C75           c         69.0      13.0      7.0       565.0     805.0     10.0      
C76           c         63.0      16.0      29.0      54.0      294.0     10.0      
C77           c         0.0       68.0      4.0       70.0      310.0     10.0      
C78           c         1.0       9.0       9.0       673.0     913.0     10.0      
C79           c         57.0      21.0      23.0      148.0     388.0     10.0      
C80           c         0.0       23.0      14.0      671.0     911.0     10.0      
C81           c         18.0      65.0      26.0      27.0      267.0     10.0      
C82           c         18.0      44.0      5.0       697.0     937.0     10.0      
C83           c         18.0      39.0      16.0      521.0     761.0     10.0      
C84           c         12.0      35.0      5.0       628.0     868.0     10.0      
C85           c         21.0      46.0      10.0      685.0     925.0     10.0      
C86           c         27.0      4.0       14.0      423.0     663.0     10.0      
C87           c         58.0      19.0      12.0      383.0     623.0     10.0      
C88           c         17.0      54.0      4.0       418.0     658.0     10.0      
C89           c         23.0      55.0      26.0      628.0     868.0     10.0      
C90           c         63.0      24.0      16.0      560.0     800.0     10.0      
C91           c         36.0      22.0      9.0       32.0      272.0     10.0      
C92           c         47.0      59.0      14.0      255.0     495.0     10.0      
C93           c         54.0      23.0      11.0      514.0     754.0     10.0      
C94           c         67.0      29.0      3.0       582.0     822.0     10.0      
C95           c         8.0       69.0      6.0       218.0     458.0     10.0      
C96           c         3.0       10.0      3.0       94.0      334.0     10.0      
C97           c         69.0      38.0      5.0       42.0      282.0     10.0      
C98           c         5.0       25.0      14.0      48.0      288.0     10.0      
C99           c         23.0      24.0      12.0      225.0     465.0     10.0      

Q Vehicle fuel tank capacity /203.5/
C Vehicle load capacity /1000.0/
r fuel consumption rate /1.0/
g inverse refueling rate /0.1/
v average Velocity /1.0/
