StringID      Type      x         y         demand    ReadyTime DueDate   ServiceTime
D0            d         45.0      50.0      0.0       0.0       1000.0    0.0       
S0            f         45.0      50.0      0.0       0.0       1000.0    0.0       
S1            f         30.0      61.0      0.0       0.0       1000.0    0.0       
S2            f         76.0      35.0      0.0       0.0       1000.0    0.0       
S3            f         11.0      13.0      0.0       0.0       1000.0    0.0       
S4            f         81.0      92.0      0.0       0.0       1000.0    0.0       
S5            f         6.0       83.0      0.0       0.0       1000.0    0.0       
S6            f         71.0      48.0      0.0       0.0       1000.0    0.0       
S7            f         39.0      82.0      0.0       0.0       1000.0    0.0       
S8            f         22.0      45.0      0.0       0.0       1000.0    0.0       
S9            f         69.0      92.0      0.0       0.0       1000.0    0.0       
S10           f         2.0       37.0      0.0       0.0       1000.0    0.0       
S11           f         99.0      93.0      0.0       0.0       1000.0    0.0       
S12           f         12.0      23.0      0.0       0.0       1000.0    0.0       
S13           f         91.0      5.0       0.0       0.0       1000.0    0.0       
S14           f         7.0       72.0      0.0       0.0       1000.0    0.0       
S15           f         69.0      22.0      0.0       0.0       1000.0    0.0       
S16           f         61.0      61.0      0.0       0.0       1000.0    0.0       
S17           f         84.0      49.0      0.0       0.0       1000.0    0.0       
S18           f         29.0      2.0       0.0       0.0       1000.0    0.0       
S19           f         53.0      19.0      0.0       0.0       1000.0    0.0       
S20           f         83.0      69.0      0.0       0.0       1000.0    0.0       
C0            c         74.0      20.0      20.0      646.0     766.0     10.0      
C1            c         77.0      21.0      20.0      612.0     732.0     10.0      
C2            c         81.0      20.0      10.0      531.0     651.0     10.0      
C3            c         83.0      25.0      10.0      794.0     914.0     10.0      
C4            c         83.0      20.0      10.0      787.0     907.0     10.0      
C5            c         74.0      22.0      50.0      745.0     865.0     10.0      
C6            c         80.0      20.0      10.0      0.0       912.0     10.0      
C7            c         82.0      21.0      10.0      0.0       909.0     10.0      
C8            c         78.0      26.0      30.0      800.0     920.0     10.0      
C9            c         37.0      34.0      10.0      0.0       947.0     10.0      
C10           c         11.0      77.0      10.0      77.0      197.0     10.0      
C11           c         9.0       81.0      10.0      190.0     310.0     10.0      
C12           c         8.0       82.0      20.0      0.0       906.0     10.0      
C13           c         17.0      84.0      10.0      0.0       916.0     10.0      
C14           c         16.0      81.0      10.0      293.0     413.0     10.0      
C15           c         11.0      79.0      20.0      675.0     795.0     10.0      
C16           c         14.0      80.0      30.0      0.0       917.0     10.0      
C17           c         9.0       81.0      10.0      494.0     614.0     10.0      
C18           c         8.0       77.0      10.0      702.0     822.0     10.0      
C19           c         14.0      79.0      30.0      525.0     645.0     10.0      
C20           c         57.0      37.0      40.0      69.0      189.0     10.0      
C21           c         16.0      13.0      20.0      378.0     498.0     10.0      
C22           c         9.0       12.0      20.0      219.0     339.0     10.0      
C23           c         15.0      18.0      10.0      678.0     798.0     10.0      
C24           c         17.0      22.0      10.0      707.0     827.0     10.0      
C25           c         11.0      16.0      10.0      141.0     261.0     10.0      
C26           c         19.0      13.0      20.0      771.0     891.0     10.0      
C27           c         19.0      21.0      30.0      514.0     634.0     10.0      
C28           c         14.0      18.0      20.0      0.0       914.0     10.0      
C29           c         17.0      20.0      10.0      496.0     616.0     10.0      
C30           c         52.0      73.0      10.0      275.0     395.0     10.0      
C31           c         65.0      86.0      20.0      789.0     909.0     10.0      
C32           c         73.0      88.0      20.0      549.0     669.0     10.0      
C33           c         68.0      89.0      10.0      0.0       912.0     10.0      
C34           c         71.0      94.0      10.0      569.0     689.0     10.0      
C35           c         71.0      93.0      40.0      428.0     548.0     10.0      
C36           c         73.0      91.0      10.0      132.0     252.0     10.0      
C37           c         73.0      85.0      20.0      83.0      203.0     10.0      
C38           c         91.0      73.0      20.0      450.0     570.0     10.0      
C39           c         91.0      73.0      10.0      175.0     295.0     10.0      
C40           c         86.0      67.0      20.0      0.0       915.0     10.0      
C41           c         90.0      68.0      50.0      362.0     482.0     10.0      
C42           c         86.0      68.0      10.0      0.0       912.0     10.0      
C43           c         84.0      70.0      20.0      360.0     480.0     10.0      
C44           c         89.0      68.0      30.0      797.0     917.0     10.0      
C45           c         90.0      72.0      10.0      341.0     461.0     10.0      
C46           c         91.0      72.0      10.0      363.0     483.0     10.0      
C47           c         91.0      65.0      10.0      116.0     236.0     10.0      
C48           c         64.0      56.0      30.0      0.0       932.0     10.0      
C49           c         48.0      10.0      7.0       278.0     398.0     10.0      
C50           c         12.0      50.0      6.0       760.0     880.0     10.0      
C51           c         39.0      1.0       8.0       746.0     866.0     10.0      
C52           c         2.0       51.0      17.0      0.0       918.0     10.0      
C53           c         67.0      4.0       15.0      644.0     764.0     10.0      
C54           c         46.0      15.0      13.0      0.0       922.0     10.0      
C55           c         43.0      4.0       18.0      756.0     876.0     10.0      
C56           c         1.0       45.0      17.0      728.0     848.0     10.0      
C57           c         6.0       49.0      14.0      0.0       922.0     10.0      
C58           c         34.0      10.0      15.0      439.0     559.0     10.0      
C59           c         61.0      8.0       15.0      417.0     537.0     10.0      
C60           c         44.0      2.0       14.0      84.0      204.0     10.0      
C61           c         5.0       58.0      11.0      331.0     451.0     10.0      
C62           c         33.0      9.0       9.0       0.0       920.0     10.0      
C63           c         0.0       0.0       11.0      315.0     435.0     10.0      
C64           c         53.0      9.0       27.0      347.0     467.0     10.0      
C65           c         53.0      3.0       9.0       433.0     553.0     10.0      
C66           c         37.0      15.0      2.0       195.0     315.0     10.0      
C67           c         9.0       32.0      22.0      442.0     562.0     10.0      
C68           c         41.0      21.0      12.0      0.0       926.0     10.0      
C69           c         9.0       32.0      19.0      0.0       921.0     10.0      
C70           c         20.0      3.0       8.0       0.0       898.0     10.0      
C71           c         18.0      1.0       4.0       0.0       897.0     10.0      
C72           c         57.0      18.0      5.0       596.0     716.0     10.0      
C73           c         18.0      41.0      12.0      702.0     822.0     10.0      
C74           c         6.0       4.0       5.0       85.0      205.0     10.0      
C75           c         69.0      13.0      7.0       265.0     385.0     10.0      
C76           c         63.0      16.0      29.0      200.0     320.0     10.0      
C77           c         0.0       68.0      4.0       0.0       908.0     10.0      
C78           c         1.0       9.0       9.0       103.0     223.0     10.0      
C79           c         57.0      21.0      23.0      193.0     313.0     10.0      
C80           c         0.0       23.0      14.0      283.0     403.0     10.0      
C81           c         18.0      65.0      26.0      419.0     539.0     10.0      
C82           c         18.0      44.0      5.0       0.0       929.0     10.0      
C83           c         18.0      39.0      16.0      0.0       929.0     10.0      
C84           c         12.0      35.0      5.0       727.0     847.0     10.0      
C85           c         21.0      46.0      10.0      310.0     430.0     10.0      
C86           c         27.0      4.0       14.0      0.0       904.0     10.0      
C87           c         58.0      19.0      12.0      609.0     729.0     10.0      
C88           c         17.0      54.0      4.0       291.0     411.0     10.0      
C89           c         23.0      55.0      26.0      783.0     903.0     10.0      
C90           c         63.0      24.0      16.0      506.0     626.0     10.0      
C91           c         36.0      22.0      9.0       434.0     554.0     10.0      
C92           c         47.0      59.0      14.0      664.0     784.0     10.0      
C93           c         54.0      23.0      11.0      580.0     700.0     10.0      
C94           c         67.0      29.0      3.0       154.0     274.0     10.0      
C95           c         8.0       69.0      6.0       695.0     815.0     10.0      
C96           c         3.0       10.0      3.0       0.0       894.0     10.0      
C97           c         69.0      38.0      5.0       211.0     331.0     10.0      
C98           c         5.0       25.0      14.0      253.0     373.0     10.0      
C99           c         23.0      24.0      12.0      0.0       925.0     10.0      

Q Vehicle fuel tank capacity /203.5/
C Vehicle load capacity /1000.0/
r fuel consumption rate /1.0/
g inverse refueling rate /0.1/
v average Velocity /1.0/
